#Matriz 
-1.771569366009642654e-01 0.000000000000000000e+00 -1.048550930748453069e-01 0.000000000000000000e+00 -1.571033957094034872e-01 0.000000000000000000e+00 8.527732996192427528e-02 -7.498061001192457553e-02 -3.228971638605271366e-02 -1.587879151304370795e-01
0.000000000000000000e+00 -7.847779252304301623e-02 4.886320575434099922e-01 0.000000000000000000e+00 0.000000000000000000e+00 2.078215068264910315e-01 0.000000000000000000e+00 1.547669855310201736e+00 4.960203822690500974e-01 1.403287678168489983e-01
7.199243358623097500e-02 -8.668310765061551515e-02 -1.919501879405775546e-01 4.771982394236178315e-01 0.000000000000000000e+00 0.000000000000000000e+00 1.420334619766687734e+00 0.000000000000000000e+00 0.000000000000000000e+00 9.780977442203202532e-01
0.000000000000000000e+00 0.000000000000000000e+00 -1.831500301637315475e-01 -1.884536327837627034e-01 -1.569141090175152631e-01 -8.427889296504186001e-02 9.581146580503121513e-01 -1.063856394220745183e-01 0.000000000000000000e+00 -9.504248148614875824e-02
1.726455441782935418e+00 0.000000000000000000e+00 0.000000000000000000e+00 9.339749579914382593e-01 -1.663720655066719678e-01 0.000000000000000000e+00 1.278748696700109155e+00 0.000000000000000000e+00 0.000000000000000000e+00 2.778627605804626644e-01
0.000000000000000000e+00 -3.879749292083867207e-02 0.000000000000000000e+00 1.591356825562799004e+00 0.000000000000000000e+00 -2.390731806503552243e-02 0.000000000000000000e+00 5.650473619567168981e-01 1.494899351182614966e+00 4.228936715384632450e-01
-2.544169244121823395e-02 0.000000000000000000e+00 -1.092155475441585477e-01 -4.511835043956331781e-02 -1.975981883453146459e-01 0.000000000000000000e+00 -1.654470326200946917e-01 -1.625006847179304159e-01 0.000000000000000000e+00 0.000000000000000000e+00
1.378277185159639151e+00 -1.127787553703547552e-01 0.000000000000000000e+00 1.118285781461546335e+00 0.000000000000000000e+00 -4.556367261701799176e-02 6.804652800106079091e-01 -1.677277439691395589e-01 0.000000000000000000e+00 1.516737113115231184e+00
3.326374478548153046e-01 -1.865671620326607161e-01 0.000000000000000000e+00 0.000000000000000000e+00 0.000000000000000000e+00 -1.195014261968011388e-01 0.000000000000000000e+00 0.000000000000000000e+00 -1.963657306173311190e-01 0.000000000000000000e+00
4.907892842676526701e-01 -1.667094457885453795e-01 -1.567747111325503429e-01 1.395364630735026035e+00 -8.876344041532120699e-02 -1.489794097142919382e-01 0.000000000000000000e+00 -1.394079313396980879e-01 0.000000000000000000e+00 -4.219345609793570540e-02
