#Matriz 
-2.535940731732526723e-02 2.488510053338031103e-01 8.890990472840984982e-01 2.611542747137240994e-02 -2.003573922987696154e-02 1.927405329777365006e+00 0.000000000000000000e+00 7.759992015974215285e-01 1.771742301018432775e+00 0.000000000000000000e+00
-8.489130281068582584e-02 -2.551312826778180665e-02 0.000000000000000000e+00 -8.731991588807151705e-02 -5.801727924066066994e-02 0.000000000000000000e+00 0.000000000000000000e+00 0.000000000000000000e+00 -7.329369017376055617e-02 0.000000000000000000e+00
-1.938384450501657585e-01 0.000000000000000000e+00 -9.526094444318468010e-03 -1.052429472605929395e-01 -1.857260936161447828e-01 0.000000000000000000e+00 1.137401478274917777e+00 0.000000000000000000e+00 -1.196666021658530227e-02 8.458642322172729155e-01
-5.871087525141804875e-02 1.113449786833512700e+00 1.497370377566785482e+00 -1.646783555110715655e-02 -6.392718217759577048e-02 -4.131542006523501037e-02 4.702343024003843297e-01 0.000000000000000000e+00 0.000000000000000000e+00 4.606567051576397898e-01
1.075343636992491803e+00 1.734265178297233367e+00 1.235499289461448269e+00 1.077104127352136453e+00 -1.700228048520866231e-01 4.024794107648694830e-01 0.000000000000000000e+00 1.123292069394336901e+00 1.047030186051838951e+00 0.000000000000000000e+00
-8.267993302023271540e-02 0.000000000000000000e+00 0.000000000000000000e+00 1.238666264782589010e+00 -5.014856689071241214e-02 -5.086330396483576544e-02 0.000000000000000000e+00 0.000000000000000000e+00 0.000000000000000000e+00 0.000000000000000000e+00
0.000000000000000000e+00 0.000000000000000000e+00 -1.815499505251269852e-01 -6.744716678330453519e-02 0.000000000000000000e+00 0.000000000000000000e+00 -1.138739447748965267e-01 0.000000000000000000e+00 0.000000000000000000e+00 7.120063688001150304e-01
-1.447873125357712065e-01 0.000000000000000000e+00 0.000000000000000000e+00 0.000000000000000000e+00 -6.938086041961587236e-02 0.000000000000000000e+00 0.000000000000000000e+00 -7.513079205796274751e-02 0.000000000000000000e+00 0.000000000000000000e+00
-7.055237117654965251e-02 5.731269529348830272e-01 1.809881657067693439e+00 0.000000000000000000e+00 -6.343267286140673311e-02 0.000000000000000000e+00 0.000000000000000000e+00 0.000000000000000000e+00 -6.230233849150774994e-02 0.000000000000000000e+00
0.000000000000000000e+00 0.000000000000000000e+00 -9.413933918086409003e-02 -1.732173120909792294e-02 0.000000000000000000e+00 0.000000000000000000e+00 -1.551968267030974513e-01 0.000000000000000000e+00 0.000000000000000000e+00 -5.028523310598675966e-02
