#Matriz 
-1.646284638235597508e-01 -1.997117250211651041e-01 -7.128495051958737283e-02 -5.280077043195512826e-02 1.637993237016800885e+00 -1.243349862879594746e-03 0.000000000000000000e+00 -1.066200755524999814e-02 0.000000000000000000e+00 0.000000000000000000e+00
2.795206624865891332e-01 -8.647246336118070975e-02 0.000000000000000000e+00 0.000000000000000000e+00 9.419442886224234091e-01 -1.145628425686476271e-01 -1.699613159901591508e-01 0.000000000000000000e+00 0.000000000000000000e+00 0.000000000000000000e+00
1.270703305438325215e+00 0.000000000000000000e+00 -7.656460394246022982e-02 1.872947455153933793e+00 1.925465761868327963e+00 -1.475893267138783660e-02 -1.866218160359956191e-01 0.000000000000000000e+00 0.000000000000000000e+00 0.000000000000000000e+00
1.390114220015336022e+00 0.000000000000000000e+00 -5.344516823338505557e-02 -1.192998927657502040e-01 1.733578141233327985e+00 -3.550654363118526530e-02 0.000000000000000000e+00 -7.526645154124123049e-02 0.000000000000000000e+00 0.000000000000000000e+00
-1.432144633237471092e-02 -1.834949492234330959e-01 -2.526595224991656785e-03 -8.668337147868579451e-02 -3.884822319396261797e-02 -7.813211322537348680e-02 0.000000000000000000e+00 -1.448294600730104520e-02 0.000000000000000000e+00 0.000000000000000000e+00
6.595969454197148085e-01 1.064468796266877515e-01 9.896114718435018442e-01 6.730942392947529829e-01 5.500247298327527457e-01 -9.664653441427931146e-02 1.333047381996981251e-01 0.000000000000000000e+00 8.703468828960243542e-01 3.742391618469604886e-01
0.000000000000000000e+00 3.568655061264558448e-01 6.283955609394631381e-01 0.000000000000000000e+00 0.000000000000000000e+00 -9.130644438225110973e-03 -9.968955202741661137e-02 4.198769765276888499e-01 1.307301411997543461e-01 5.330406922455483976e-01
7.483629207754349810e-01 0.000000000000000000e+00 0.000000000000000000e+00 4.672161269386976290e-01 1.887242881084915336e+00 0.000000000000000000e+00 -1.802997990109495297e-01 -1.993053781997549401e-01 0.000000000000000000e+00 0.000000000000000000e+00
0.000000000000000000e+00 0.000000000000000000e+00 0.000000000000000000e+00 0.000000000000000000e+00 0.000000000000000000e+00 -1.528432997440285768e-01 -3.898452169631916537e-04 0.000000000000000000e+00 -1.453559474102795457e-01 0.000000000000000000e+00
0.000000000000000000e+00 0.000000000000000000e+00 0.000000000000000000e+00 0.000000000000000000e+00 0.000000000000000000e+00 -1.027178782560799752e-01 -1.841225701580289920e-01 0.000000000000000000e+00 0.000000000000000000e+00 -8.611208477259230110e-02
