#Matriz 
-1.037196856184448707e-01 6.839524012244539986e-01 0.000000000000000000e+00 -1.985335906393855265e-01 -4.681863069945327305e-02 1.872310906632808969e+00 0.000000000000000000e+00 1.912375436124505779e+00 0.000000000000000000e+00 0.000000000000000000e+00
-3.619631059954449281e-02 -1.424264621289371424e-01 0.000000000000000000e+00 -3.180366358922270820e-02 -5.209271630869780761e-02 0.000000000000000000e+00 0.000000000000000000e+00 0.000000000000000000e+00 1.091370729335257028e-01 0.000000000000000000e+00
0.000000000000000000e+00 0.000000000000000000e+00 -1.946787857147384004e-01 0.000000000000000000e+00 -6.652686708827719453e-02 0.000000000000000000e+00 -7.121967038899766622e-02 -1.964780131454899603e-01 0.000000000000000000e+00 -9.404948976013316475e-02
9.382411288646363978e-02 1.224826008452050363e+00 0.000000000000000000e+00 -9.806084095330208639e-02 0.000000000000000000e+00 1.930383165650797039e+00 5.791470527087185793e-01 1.706691421936480157e+00 0.000000000000000000e+00 0.000000000000000000e+00
9.998592536710551038e-01 1.675307331846756398e+00 4.160484286837862200e-02 0.000000000000000000e+00 -7.683101811224619937e-02 1.417235441999766143e+00 1.295761109381813103e+00 6.005873847170335456e-01 0.000000000000000000e+00 1.051096203791682449e+00
-5.752459157827709973e-02 0.000000000000000000e+00 0.000000000000000000e+00 -1.296188396942676013e-01 -1.316403173443978225e-01 -1.360103856772937048e-01 1.025433333967963101e+00 1.258989730682777308e+00 0.000000000000000000e+00 0.000000000000000000e+00
0.000000000000000000e+00 0.000000000000000000e+00 1.415267401189735486e+00 -1.816552394043781105e-01 -1.087871585796859331e-01 -9.017102502612724113e-02 -1.856578525989692752e-01 0.000000000000000000e+00 4.815645212518064877e-01 0.000000000000000000e+00
-4.478685599925563005e-02 0.000000000000000000e+00 9.384328886707118400e-01 -1.526708646287598392e-01 -1.869130590264165281e-01 -1.152440435046301892e-01 0.000000000000000000e+00 -1.062307340265884331e-01 3.261859625024108311e-01 1.305894036499223532e+00
0.000000000000000000e+00 -1.538897727313439101e-01 0.000000000000000000e+00 0.000000000000000000e+00 0.000000000000000000e+00 0.000000000000000000e+00 -1.506389587387638729e-01 -7.404797201964588571e-02 -3.276356932319612891e-02 -1.621318620611230665e-01
0.000000000000000000e+00 0.000000000000000000e+00 1.518065808892886226e+00 0.000000000000000000e+00 -1.513204618475449681e-01 0.000000000000000000e+00 0.000000000000000000e+00 -5.728056901772778098e-02 1.876729813784444811e+00 -1.246739523125941530e-02
