#Matriz 
-9.264889832474619558e-02 0.000000000000000000e+00 0.000000000000000000e+00 0.000000000000000000e+00 0.000000000000000000e+00 0.000000000000000000e+00 0.000000000000000000e+00 0.000000000000000000e+00 -1.113701561926343578e-02 -1.702251066527519785e-01
0.000000000000000000e+00 -1.880027615866803892e-01 -3.677404953263039428e-02 0.000000000000000000e+00 -1.263570684813170864e-01 1.275718564880490069e+00 0.000000000000000000e+00 -1.930084862224777376e-01 0.000000000000000000e+00 -6.108068069777261577e-03
0.000000000000000000e+00 5.100423330881793671e-01 -1.499260231590318904e-01 0.000000000000000000e+00 0.000000000000000000e+00 0.000000000000000000e+00 6.663897401628289252e-01 9.569906894794466545e-02 -1.977667940549851788e-01 -7.327417476033026844e-02
0.000000000000000000e+00 0.000000000000000000e+00 0.000000000000000000e+00 -1.393056879888058264e-01 -1.079157665697849516e-01 4.781841924291119206e-01 -1.923621220919655150e-01 -6.381420450441259440e-02 0.000000000000000000e+00 -8.471164367262606909e-02
0.000000000000000000e+00 2.267684711854833779e-02 0.000000000000000000e+00 3.451406626503408237e-01 -4.875498566532250611e-02 3.258057498529283169e-01 1.093221815106635297e+00 0.000000000000000000e+00 0.000000000000000000e+00 0.000000000000000000e+00
0.000000000000000000e+00 -1.697013931281175503e-01 0.000000000000000000e+00 -1.950057958935742242e-01 -4.284723999834443714e-02 -3.526489408374735429e-02 -5.405982929048296776e-02 0.000000000000000000e+00 0.000000000000000000e+00 -1.088114435265447599e-01
0.000000000000000000e+00 0.000000000000000000e+00 -6.471318572275948366e-02 5.312284047439055357e-01 -1.431502788747154031e-01 1.565336402728176868e-01 -3.313924828066124040e-02 -4.060720598450395791e-02 0.000000000000000000e+00 -1.168892960365061351e-01
0.000000000000000000e+00 1.393794119526742259e+00 -7.796297494568094066e-02 1.223049330394758716e+00 0.000000000000000000e+00 0.000000000000000000e+00 1.571573238390720828e+00 -1.515428042459163183e-01 0.000000000000000000e+00 -1.096685688898292599e-01
1.551523164191189519e+00 0.000000000000000000e+00 9.649328273086619223e-01 0.000000000000000000e+00 0.000000000000000000e+00 0.000000000000000000e+00 0.000000000000000000e+00 0.000000000000000000e+00 -2.121021058895829203e-02 -2.015758196798671589e-02
7.303310418151154337e-02 1.389495784843428838e+00 9.812022383562712946e-02 1.115036778426521824e+00 0.000000000000000000e+00 5.336708368975573435e-02 1.948211445064756075e+00 1.954059630693638638e-02 1.555988716329619770e+00 -1.318986497859309659e-01
