#Matriz 
-1.995462986931507698e-01 5.554098675863183843e-01 6.060356250693743618e-02 -6.629663870000726544e-02 0.000000000000000000e+00 1.955620179923940327e-01 0.000000000000000000e+00 0.000000000000000000e+00 -5.926837403865130999e-02 1.491056148171612694e+00
-6.564253745368923976e-02 -1.321597848089933469e-01 0.000000000000000000e+00 -1.351208771628113758e-01 0.000000000000000000e+00 0.000000000000000000e+00 -1.958543539025584257e-01 0.000000000000000000e+00 -8.109871876841323601e-02 0.000000000000000000e+00
-1.594773425613453879e-02 0.000000000000000000e+00 -1.853484346812921679e-01 -1.910418668481353721e-01 1.667593160544458497e+00 -1.308688222607166246e-02 0.000000000000000000e+00 -1.342337577767768741e-01 -1.651846307867023966e-01 -4.703637750085947616e-02
8.868245322631749250e-01 1.770806635277682783e+00 2.596209377776121929e-01 -7.412488047865277430e-02 0.000000000000000000e+00 9.996689137165057915e-01 0.000000000000000000e+00 0.000000000000000000e+00 0.000000000000000000e+00 2.598904798765375723e-01
0.000000000000000000e+00 0.000000000000000000e+00 -1.245138110698529865e-01 0.000000000000000000e+00 -1.392990674198638090e-01 -1.941511470124099303e-01 0.000000000000000000e+00 -5.311481691424244783e-02 -8.540490917440375640e-02 0.000000000000000000e+00
-1.925151278665888921e-01 0.000000000000000000e+00 1.935966332611028573e+00 -1.250660623355495660e-01 1.262304161659814516e+00 -1.977882000064434928e-04 -5.140125320095039613e-02 0.000000000000000000e+00 -3.836417176865736245e-02 0.000000000000000000e+00
0.000000000000000000e+00 1.236278501752608339e+00 0.000000000000000000e+00 0.000000000000000000e+00 0.000000000000000000e+00 1.243241134808141801e+00 -3.029012256273744610e-03 0.000000000000000000e+00 0.000000000000000000e+00 0.000000000000000000e+00
0.000000000000000000e+00 0.000000000000000000e+00 4.507547933018671849e-01 0.000000000000000000e+00 1.787564944871159689e+00 0.000000000000000000e+00 0.000000000000000000e+00 -4.377089867682124741e-02 0.000000000000000000e+00 0.000000000000000000e+00
5.342364263304002492e-01 7.662116202322049041e-01 8.318904815290435462e-01 0.000000000000000000e+00 6.716664654860715622e-02 1.547055863334163561e+00 0.000000000000000000e+00 0.000000000000000000e+00 -1.514067565953794436e-01 1.401933521889318301e+00
-1.967332711904437870e-01 0.000000000000000000e+00 6.001899762615767742e-01 -1.582662390519763984e-01 0.000000000000000000e+00 0.000000000000000000e+00 0.000000000000000000e+00 0.000000000000000000e+00 -5.070636806292456999e-02 -8.091992575317369374e-02
