#Matriz 
-8.388142536827720985e-02 5.021480400323410365e-01 9.374182926102587743e-01 0.000000000000000000e+00 1.799316383130331598e+00 -4.401729756673631450e-02 0.000000000000000000e+00 0.000000000000000000e+00 0.000000000000000000e+00 0.000000000000000000e+00
-1.430457237813981819e-01 -1.705560697542000403e-01 -1.764090806311107706e-01 0.000000000000000000e+00 0.000000000000000000e+00 0.000000000000000000e+00 0.000000000000000000e+00 -1.904036443906294007e-01 -4.326024559108525985e-02 -9.778863429301816457e-02
-1.351224438472501954e-01 1.610958544810159765e+00 -1.948807045257134329e-01 0.000000000000000000e+00 1.842804214415367570e+00 0.000000000000000000e+00 0.000000000000000000e+00 -1.012947899412506292e-01 -2.963460135757749539e-02 -8.672233221975983453e-02
0.000000000000000000e+00 0.000000000000000000e+00 0.000000000000000000e+00 -5.757372264175553145e-02 0.000000000000000000e+00 0.000000000000000000e+00 3.641521111888197382e-01 0.000000000000000000e+00 1.457235729145864411e+00 -5.625714915073772027e-02
-1.066390615805458686e-01 0.000000000000000000e+00 -8.791232419511081642e-02 0.000000000000000000e+00 -1.527241619187408306e-01 0.000000000000000000e+00 0.000000000000000000e+00 0.000000000000000000e+00 -1.188881008193835992e-01 -1.897728935413025841e-01
4.364784424496952475e-01 0.000000000000000000e+00 0.000000000000000000e+00 0.000000000000000000e+00 0.000000000000000000e+00 -8.714556756840480256e-02 0.000000000000000000e+00 0.000000000000000000e+00 0.000000000000000000e+00 1.575744822731204087e+00
0.000000000000000000e+00 0.000000000000000000e+00 0.000000000000000000e+00 -3.732942969899857161e-02 0.000000000000000000e+00 0.000000000000000000e+00 -1.848223666222606129e-02 0.000000000000000000e+00 -1.470592594638027162e-01 -8.328077760307495137e-02
0.000000000000000000e+00 1.115604336261352136e+00 6.006758179620681481e-01 0.000000000000000000e+00 0.000000000000000000e+00 0.000000000000000000e+00 0.000000000000000000e+00 -6.278784826761558968e-02 -9.791389608699092861e-02 -1.670487353267163799e-01
0.000000000000000000e+00 1.188786433100561091e+00 9.528042861829308929e-01 -3.793390597869166631e-02 3.535578000380437125e-01 0.000000000000000000e+00 1.824009822557931759e+00 1.615793398631394373e+00 -1.856660434922662861e-01 -1.240831406622572158e-01
0.000000000000000000e+00 4.875765366564210890e-01 1.198123797634740750e+00 1.197038463178401235e+00 1.803466771234850885e+00 -1.004526695638023881e-01 5.051048045418051746e-01 7.936807676993755667e-01 1.640391850503699844e+00 -1.379864433656247946e-01
