#Matriz 
-5.841249657024671915e-02 0.000000000000000000e+00 0.000000000000000000e+00 -1.119214729348642356e-01 0.000000000000000000e+00 0.000000000000000000e+00 -1.723876520208802443e-01 -1.033196009843617702e-01 -9.414639805538421724e-02 -4.447755748382036661e-02
0.000000000000000000e+00 -6.497031597251257465e-03 1.176079615867838379e+00 0.000000000000000000e+00 1.352064501607260771e+00 0.000000000000000000e+00 -1.483136381287915861e-01 -1.357369225084736342e-01 -1.037578526240932331e-01 -9.486117842692609603e-02
0.000000000000000000e+00 -1.629865766981940800e-01 -6.290902414141900933e-02 0.000000000000000000e+00 0.000000000000000000e+00 0.000000000000000000e+00 0.000000000000000000e+00 -3.661789940396673743e-02 -2.361824566701709038e-02 -2.070909798146099157e-02
2.601056368787775241e-01 0.000000000000000000e+00 0.000000000000000000e+00 -3.830094454927586434e-02 0.000000000000000000e+00 9.645889713576010216e-01 6.048584777422572056e-01 1.113618412636807165e+00 1.379949187605821637e+00 1.288515995151094051e+00
0.000000000000000000e+00 -1.790745637710665916e-01 0.000000000000000000e+00 0.000000000000000000e+00 -1.505151116203540806e-01 0.000000000000000000e+00 0.000000000000000000e+00 -9.927382184278249477e-02 -1.248651085111436299e-01 -8.260749044798898488e-03
0.000000000000000000e+00 0.000000000000000000e+00 0.000000000000000000e+00 -7.845006705611530518e-02 0.000000000000000000e+00 -1.173638710506306748e-01 0.000000000000000000e+00 0.000000000000000000e+00 0.000000000000000000e+00 0.000000000000000000e+00
4.711172755156618486e-01 7.076647061032816932e-01 0.000000000000000000e+00 -8.187875138705065503e-02 0.000000000000000000e+00 0.000000000000000000e+00 -1.637924687296800075e-01 1.876871493657814138e+00 -7.420448786627713289e-02 9.935043557264877645e-01
1.955353874128423319e+00 1.476242839892871084e+00 1.025528561508979752e+00 -3.762279026663684165e-03 1.582873381789992484e+00 0.000000000000000000e+00 -1.485306776360801884e-01 -1.471985958794958804e-01 -1.460255799736120963e-01 0.000000000000000000e+00
7.432485173644098886e-02 1.107577902400457726e+00 1.292323078514545642e-01 -6.445994881461332426e-02 1.048839308867317577e+00 0.000000000000000000e+00 6.976358892024967506e-01 9.888925209067729316e-01 -1.283955815359772434e-01 1.675817852290923504e+00
1.059134881326067923e+00 1.601755989441875805e+00 1.585824086560984281e+00 -1.317355582116482016e-01 1.867455254333065362e+00 0.000000000000000000e+00 -1.620744336868877034e-01 0.000000000000000000e+00 -5.869954798510856886e-02 -8.243053386919058090e-02
