#Matriz 
-1.922729616269393260e-01 -1.134828783602114116e-01 0.000000000000000000e+00 0.000000000000000000e+00 1.223881272228800388e+00 0.000000000000000000e+00 -1.828764398411742431e-01 0.000000000000000000e+00 -1.432588262650304478e-01 1.774870131398404771e+00
1.058117788166068829e+00 -5.388773627441159619e-02 0.000000000000000000e+00 0.000000000000000000e+00 2.598355937188150389e-01 1.543091072965774968e+00 -2.744859205745906611e-02 0.000000000000000000e+00 -6.660226863138911380e-02 1.895185234720273337e+00
0.000000000000000000e+00 0.000000000000000000e+00 -1.054491891331750357e-02 0.000000000000000000e+00 1.187449126148739653e+00 0.000000000000000000e+00 0.000000000000000000e+00 -8.477687702406344616e-02 -1.363724008841787905e-01 9.372254794213543683e-01
0.000000000000000000e+00 0.000000000000000000e+00 0.000000000000000000e+00 -1.153241722866024804e-01 0.000000000000000000e+00 0.000000000000000000e+00 1.052183780720356010e+00 2.936333056518873885e-01 6.862577082708301024e-01 0.000000000000000000e+00
-1.916976569666681562e-01 -1.524138128968119676e-01 -7.739355801817880687e-02 0.000000000000000000e+00 -4.545389939368119081e-02 0.000000000000000000e+00 -1.169557256515249971e-01 0.000000000000000000e+00 -1.243181558586386876e-01 0.000000000000000000e+00
0.000000000000000000e+00 -1.274932978947204143e-01 0.000000000000000000e+00 0.000000000000000000e+00 0.000000000000000000e+00 -6.995223175018390471e-02 0.000000000000000000e+00 -6.403846375825510140e-02 -1.887643374985465416e-01 1.437729167052672619e+00
1.196097212510415009e+00 4.740401882782252496e-01 0.000000000000000000e+00 -3.042493293207384694e-02 1.965789838709537385e-01 0.000000000000000000e+00 -7.703615539423670257e-04 -1.083734923719992110e-01 -4.778917823589171054e-02 1.311539300064476610e+00
0.000000000000000000e+00 0.000000000000000000e+00 5.403829618075943753e-01 -1.221939779467355464e-01 0.000000000000000000e+00 5.449326111936447781e-02 1.570409049391518153e+00 -6.909210147794493662e-02 6.761900458405774028e-01 0.000000000000000000e+00
7.333797303147235880e-01 8.187668692339467036e-01 4.705473864009828144e-01 -7.466123229112311965e-02 4.374370777266050059e-01 6.374903212503937322e-01 5.780354484324674580e-01 -5.308374544694256791e-02 -6.681522137458609234e-02 0.000000000000000000e+00
-1.216007552269508518e-01 -1.406398302989806531e-02 -8.472874667268011362e-02 0.000000000000000000e+00 0.000000000000000000e+00 -2.867619495919149220e-02 -7.066050033772229566e-02 0.000000000000000000e+00 0.000000000000000000e+00 -1.306113986000175531e-01
