#Matriz 
-8.540096822799547738e-03 -1.615812349281862403e-01 -1.903985028714912098e-02 1.667280764163547202e+00 -1.224655044308538554e-01 0.000000000000000000e+00 0.000000000000000000e+00 0.000000000000000000e+00 0.000000000000000000e+00 -8.488053674972979856e-02
1.310850716740022737e+00 -8.296047902404724700e-03 1.400979237335062910e+00 2.825260630807500117e-01 8.672314960025222508e-01 0.000000000000000000e+00 5.598674123582971784e-01 1.747198810574609684e+00 -6.504386944737221288e-02 0.000000000000000000e+00
8.824277047561135401e-01 -1.722150378549637817e-01 -1.892560865602037345e-01 1.671603306229816344e+00 0.000000000000000000e+00 -9.512324876502137316e-02 0.000000000000000000e+00 1.080745778689719883e+00 0.000000000000000000e+00 -1.786538154725155758e-01
-1.761763987691308264e-01 -8.960106698466450970e-02 -3.445078902814953381e-02 -1.080120217847491126e-02 -5.111525062900242056e-02 0.000000000000000000e+00 0.000000000000000000e+00 1.113728530984405829e+00 0.000000000000000000e+00 -1.802578809434532692e-01
1.449296688646923625e+00 -1.633653729260468868e-01 0.000000000000000000e+00 3.282090251465732411e-01 -3.679248232699257326e-02 -1.593941846027325526e-01 0.000000000000000000e+00 1.103249630405774617e+00 -1.643705567913509302e-01 -1.413153285099066903e-02
0.000000000000000000e+00 0.000000000000000000e+00 7.020155079590162384e-01 0.000000000000000000e+00 7.580247559835708859e-01 -1.820929435860561829e-01 1.979418798926506184e+00 0.000000000000000000e+00 -9.243314261928148963e-04 8.115919892577023731e-01
0.000000000000000000e+00 -1.168437727607372634e-01 0.000000000000000000e+00 0.000000000000000000e+00 0.000000000000000000e+00 -1.556932205523729462e-01 -1.252345824621820813e-01 0.000000000000000000e+00 -5.194521449674893709e-02 -6.491128653039866803e-02
0.000000000000000000e+00 -1.599653859440473141e-02 -1.171520801766164771e-01 -4.719478324704602656e-02 -1.614329981400121072e-01 0.000000000000000000e+00 0.000000000000000000e+00 -1.823607567581780609e-01 0.000000000000000000e+00 0.000000000000000000e+00
0.000000000000000000e+00 1.935409485257972184e+00 0.000000000000000000e+00 0.000000000000000000e+00 1.740466993618856151e+00 1.334350179010754811e+00 1.668340497949905465e+00 0.000000000000000000e+00 -2.034079776670878748e-02 1.767298782912946287e+00
1.705862794680796490e+00 0.000000000000000000e+00 1.842083628965730968e+00 1.645010418463355384e+00 3.563522095790607747e-01 -1.203706152528367657e-01 1.728556576208833739e+00 0.000000000000000000e+00 -1.844497169427742611e-01 -1.036858235356984959e-01
