#Matriz 
-1.076522686040240206e-01 8.188756759274640196e-01 1.798042781946678881e+00 0.000000000000000000e+00 -1.033012077212238228e-01 1.089665176656059442e+00 3.120938872190428537e-01 3.360866480252677757e-01 0.000000000000000000e+00 0.000000000000000000e+00
-1.418059637699157216e-01 -1.233188348135762502e-01 0.000000000000000000e+00 -9.891049610583997620e-02 0.000000000000000000e+00 0.000000000000000000e+00 0.000000000000000000e+00 0.000000000000000000e+00 4.638505062746942631e-01 -1.724324732048241465e-02
-6.488572292637576067e-02 0.000000000000000000e+00 -4.718928870820660211e-03 -2.094854329867470652e-02 0.000000000000000000e+00 0.000000000000000000e+00 -5.748689439265806250e-02 0.000000000000000000e+00 0.000000000000000000e+00 0.000000000000000000e+00
0.000000000000000000e+00 2.369445515194770202e-01 1.006778205436087426e+00 -6.639516201046116728e-02 -8.520624622827160932e-02 1.004576284432214139e+00 1.741030276563526824e+00 1.907487813393141884e+00 7.884464927025880421e-02 0.000000000000000000e+00
1.553099380807673180e+00 0.000000000000000000e+00 0.000000000000000000e+00 3.016993152118241373e-01 -9.744455804986854042e-02 0.000000000000000000e+00 0.000000000000000000e+00 0.000000000000000000e+00 0.000000000000000000e+00 1.732265717102672964e+00
-4.501426074413764078e-02 0.000000000000000000e+00 0.000000000000000000e+00 -1.176797631799663402e-01 0.000000000000000000e+00 -1.233281088066238290e-02 0.000000000000000000e+00 0.000000000000000000e+00 1.500171695731218335e+00 -5.027599061960428412e-02
-1.806223557150299450e-03 0.000000000000000000e+00 2.362500592884217987e-01 -1.934000700088100988e-01 0.000000000000000000e+00 0.000000000000000000e+00 -7.056411451490832154e-02 1.445397048100075299e+00 6.851007395367776365e-01 -3.392006740489903610e-02
-2.726574431045705391e-02 0.000000000000000000e+00 0.000000000000000000e+00 -3.053710501342206396e-02 0.000000000000000000e+00 0.000000000000000000e+00 -1.669055443777807124e-01 -1.153888233792721429e-02 1.314078610093027955e-02 0.000000000000000000e+00
0.000000000000000000e+00 -1.173574427981166068e-01 0.000000000000000000e+00 -1.739195448566177027e-01 0.000000000000000000e+00 -1.943881220164453971e-01 -1.098264432277423208e-01 -1.472126999413660708e-01 -6.498304719454098266e-02 0.000000000000000000e+00
0.000000000000000000e+00 5.117980431218034365e-01 0.000000000000000000e+00 0.000000000000000000e+00 -8.103844849130617534e-02 1.380219389728466028e+00 4.543729929956823455e-01 0.000000000000000000e+00 0.000000000000000000e+00 -1.838852410455157349e-01
