#Matriz 
-1.490223749992742597e-01 1.342933383556471627e+00 0.000000000000000000e+00 0.000000000000000000e+00 0.000000000000000000e+00 1.662558002385681633e+00 0.000000000000000000e+00 0.000000000000000000e+00 1.410240058402291830e+00 1.966038076861365891e+00
-1.409870003590196486e-01 -1.597305164419021983e-01 8.560932334921105280e-01 -1.961341265564016390e-01 7.839889242640734057e-01 -9.347323887550296195e-02 0.000000000000000000e+00 0.000000000000000000e+00 7.165756043864743852e-01 -2.985975017605859913e-02
0.000000000000000000e+00 -5.724354986051043842e-02 -2.454823349172170766e-02 -2.733758283372145215e-02 8.942494598002777018e-01 -5.031539914614269193e-02 0.000000000000000000e+00 1.703082266859673899e+00 0.000000000000000000e+00 -8.693233869712123363e-02
0.000000000000000000e+00 7.720546507148620119e-01 2.622257729656483072e-01 -6.206139797483916504e-02 8.001537262178861631e-01 2.548288118618520226e-01 0.000000000000000000e+00 1.688192669741308549e-01 1.544134623313413890e+00 1.571270468504406770e+00
0.000000000000000000e+00 -4.741512926303351194e-02 -4.629162901031336208e-02 -4.117348570852097378e-02 -4.771545269546968726e-02 -7.713229656374678833e-02 0.000000000000000000e+00 1.296385234717758017e+00 0.000000000000000000e+00 0.000000000000000000e+00
-2.629132077759997049e-02 5.700185104158241867e-01 1.295075110505350402e-01 -7.011423856132084631e-02 7.771501611356668171e-01 -9.399638166523130445e-02 0.000000000000000000e+00 8.897608936620471365e-01 4.405739193759716787e-01 -1.868846416329199012e-01
0.000000000000000000e+00 0.000000000000000000e+00 0.000000000000000000e+00 0.000000000000000000e+00 0.000000000000000000e+00 0.000000000000000000e+00 -1.263488985328497793e-01 -1.980519346080666931e-01 -1.904509411262151619e-01 0.000000000000000000e+00
0.000000000000000000e+00 0.000000000000000000e+00 -1.420587815494500639e-01 -8.623370798046088581e-02 -1.908812841452961206e-01 -1.782159616688810677e-01 1.872795787533153344e+00 -8.854368126736100394e-03 0.000000000000000000e+00 0.000000000000000000e+00
-1.614110318604278504e-01 -1.482705412490219754e-01 0.000000000000000000e+00 -3.674212484329686650e-03 0.000000000000000000e+00 -1.368846906485108039e-01 3.899541507118780004e-01 0.000000000000000000e+00 -1.059180212051609726e-01 -6.095858709270556702e-02
-1.659864249835447669e-01 1.245998301792820229e+00 2.320605484846538502e-02 -6.535996074421693280e-02 0.000000000000000000e+00 1.300325186792975041e+00 0.000000000000000000e+00 0.000000000000000000e+00 7.323416831155635798e-01 -6.562416052456979121e-02
