#Matriz 
-4.332040822945420339e-02 -2.523657837874173845e-02 1.126698499014983978e+00 0.000000000000000000e+00 -1.754759350842010068e-01 1.782800957129521580e+00 -8.143441341404554501e-02 0.000000000000000000e+00 0.000000000000000000e+00 -1.488361340049034198e-01
1.704537390889556470e+00 -4.352658889459251612e-02 0.000000000000000000e+00 0.000000000000000000e+00 0.000000000000000000e+00 6.106031727383731678e-02 0.000000000000000000e+00 0.000000000000000000e+00 0.000000000000000000e+00 0.000000000000000000e+00
-6.932245699339212308e-02 0.000000000000000000e+00 -1.597651352727715579e-01 0.000000000000000000e+00 -1.873827449787978106e-01 0.000000000000000000e+00 -1.799348601579786322e-01 0.000000000000000000e+00 0.000000000000000000e+00 -1.784523147244605479e-01
0.000000000000000000e+00 0.000000000000000000e+00 0.000000000000000000e+00 -1.311040791092500102e-01 -4.203585366168741122e-02 8.288284891105968111e-01 -1.996528037953447521e-01 0.000000000000000000e+00 0.000000000000000000e+00 -9.842898778839659357e-02
1.225248298013437820e+00 0.000000000000000000e+00 1.070057869498837633e+00 1.298458669287419598e+00 -1.088860597034579103e-01 1.017729753264946524e+00 0.000000000000000000e+00 1.053186965253377405e+00 1.184427254893598569e+00 0.000000000000000000e+00
-6.032311872464027336e-02 -4.476887308255927955e-02 0.000000000000000000e+00 -7.666225738112270038e-02 -6.335078471423270796e-02 -1.091746116593850235e-02 -1.658668851077734763e-01 -1.860993810898579348e-01 0.000000000000000000e+00 0.000000000000000000e+00
1.051060826020771000e-01 0.000000000000000000e+00 1.161837131738655993e+00 1.813947019052925880e+00 0.000000000000000000e+00 1.948106439982725924e+00 -1.774861515032795101e-01 7.132367458326553944e-01 1.360220522779995500e+00 -7.508340356761247780e-02
0.000000000000000000e+00 0.000000000000000000e+00 0.000000000000000000e+00 0.000000000000000000e+00 -2.742888360397386510e-02 1.537601445011992363e+00 -1.772693736926812536e-01 -7.812011110926730950e-02 0.000000000000000000e+00 -1.516183746873700777e-01
0.000000000000000000e+00 0.000000000000000000e+00 0.000000000000000000e+00 0.000000000000000000e+00 -1.005855442997817956e-01 0.000000000000000000e+00 -1.545294165845208234e-01 0.000000000000000000e+00 -3.667358199345360781e-02 -9.121744794329944908e-03
1.407664910857476359e+00 0.000000000000000000e+00 8.284871410303606964e-01 1.141276947395812424e+00 0.000000000000000000e+00 0.000000000000000000e+00 8.746889227375582720e-01 7.628400057633926146e-01 7.648452314941611707e-01 -1.704589041823356688e-01
