#Matriz 
-9.855919535121991648e-02 0.000000000000000000e+00 0.000000000000000000e+00 0.000000000000000000e+00 0.000000000000000000e+00 0.000000000000000000e+00 0.000000000000000000e+00 -7.985220629188230501e-02 -1.853701783044574836e-01 -1.345299909556076645e-01
0.000000000000000000e+00 -1.057222182724818771e-01 1.477663696334647447e+00 1.788523614787553617e+00 1.551514823758459061e+00 1.658330139003718173e+00 0.000000000000000000e+00 6.849163279975369889e-01 3.390947575658334046e-01 3.391714403495686980e-01
0.000000000000000000e+00 -6.282159264400553889e-02 -1.002827839597839193e-01 -1.090855859570672853e-01 -6.301048926551140739e-02 0.000000000000000000e+00 0.000000000000000000e+00 0.000000000000000000e+00 0.000000000000000000e+00 0.000000000000000000e+00
0.000000000000000000e+00 -1.575261990887739660e-01 5.260920677209612872e-01 -1.701638486834994579e-01 4.607305944947983622e-01 1.525529736907409672e+00 9.222040470219750041e-02 6.699313440244678564e-01 4.055264222833443455e-01 1.453969573383981695e+00
0.000000000000000000e+00 -3.528659205956299200e-02 1.340532344870160042e+00 -1.659318261811837392e-02 -1.075121031947189332e-01 1.897325296227010183e+00 0.000000000000000000e+00 1.415682777714123208e+00 1.242637423210558145e+00 3.544353353870748347e-01
0.000000000000000000e+00 -1.813641100966254249e-01 0.000000000000000000e+00 -1.785877972659948298e-01 -1.513136416347096204e-02 -1.358411697023493014e-01 0.000000000000000000e+00 0.000000000000000000e+00 0.000000000000000000e+00 -2.651565560869584542e-03
0.000000000000000000e+00 0.000000000000000000e+00 0.000000000000000000e+00 -1.118498817874427620e-01 0.000000000000000000e+00 0.000000000000000000e+00 -1.690104242486706321e-01 0.000000000000000000e+00 0.000000000000000000e+00 1.338922009819088599e+00
1.056103891369702952e+00 -1.968491382480708207e-01 0.000000000000000000e+00 -3.465396996819260916e-02 -3.406049056072455589e-02 0.000000000000000000e+00 0.000000000000000000e+00 -1.332619639263578348e-01 -4.087439026387289925e-02 -1.295643237432752837e-01
7.925878084449262673e-01 -1.021884091892831387e-01 0.000000000000000000e+00 -1.779662589060730937e-01 -1.014133125216558490e-01 0.000000000000000000e+00 0.000000000000000000e+00 1.973301312779027095e+00 -1.072452435228757467e-01 0.000000000000000000e+00
2.122136000724610394e-01 -8.874575579818613780e-02 0.000000000000000000e+00 -2.145343540821345249e-02 -1.113089536101347365e-01 1.610472553332176870e+00 -4.265276669893405814e-02 1.204847596606168247e+00 0.000000000000000000e+00 -1.602821006690308137e-01
