#Matriz 
-1.940101276594770607e-01 9.485690197667511203e-01 0.000000000000000000e+00 0.000000000000000000e+00 8.992751624052064408e-02 0.000000000000000000e+00 4.907484983868697359e-01 1.146790234499512007e+00 0.000000000000000000e+00 5.511740883561655480e-03
-1.120282029982524498e-02 -8.857712757530207537e-02 0.000000000000000000e+00 -1.012967725917010009e-01 1.426917965604855176e+00 -5.767118760522271792e-02 7.770257194886571739e-01 1.331632249859098893e+00 -4.233921720425248836e-02 1.075630554168810260e+00
0.000000000000000000e+00 0.000000000000000000e+00 -1.406255271912548732e-02 4.157222960415241086e-01 0.000000000000000000e+00 0.000000000000000000e+00 0.000000000000000000e+00 0.000000000000000000e+00 0.000000000000000000e+00 0.000000000000000000e+00
0.000000000000000000e+00 1.740890284665253418e+00 -8.899886698964956655e-02 -1.163044997577453582e-01 1.072562711915453715e+00 0.000000000000000000e+00 1.804601574775891670e+00 1.626327539889393714e+00 0.000000000000000000e+00 1.603277045624907471e+00
-1.046852171834028317e-01 -8.720126766055941170e-02 0.000000000000000000e+00 -1.273843768150851596e-01 -5.589442105833171415e-02 -1.240661995511187776e-01 -4.701439389846176486e-02 0.000000000000000000e+00 0.000000000000000000e+00 -5.093067272429141479e-02
0.000000000000000000e+00 1.891414868726827736e+00 0.000000000000000000e+00 0.000000000000000000e+00 1.533484385317996912e+00 -8.848162271607758200e-02 9.940120267824135158e-01 7.157296077113906030e-02 0.000000000000000000e+00 1.000228523640887657e+00
-1.973356482282415114e-01 -5.743500008416579927e-02 0.000000000000000000e+00 -1.385848733731140092e-01 1.866350134883615119e+00 -3.343190001939590900e-02 -1.923370619250983349e-01 8.934867886933506309e-01 -1.475224495543680792e-01 3.700791085686148119e-01
-3.788061293743112679e-02 -8.370620438880611858e-02 0.000000000000000000e+00 -4.126774587536477523e-02 0.000000000000000000e+00 -1.950353552899369569e-01 -5.966647630262733593e-02 -6.516822867310947953e-02 0.000000000000000000e+00 -1.706714495202809878e-01
0.000000000000000000e+00 1.898359178648477252e+00 0.000000000000000000e+00 0.000000000000000000e+00 0.000000000000000000e+00 0.000000000000000000e+00 1.996942188005790930e+00 0.000000000000000000e+00 -3.931729839358813483e-02 5.074534557618612940e-01
-1.292514965320492870e-01 -1.256217993878280537e-01 0.000000000000000000e+00 -7.664676870666889408e-02 1.678127614099966580e+00 -1.217961267177636864e-01 -1.496470712560479532e-01 1.658084151858758570e-01 -1.635649593297960336e-01 -1.050240923108772262e-01
