#Matriz 
-1.256781563608886099e-01 -1.744909322635480042e-01 -1.474104357164229828e-01 -3.317520225867287564e-04 0.000000000000000000e+00 0.000000000000000000e+00 1.947314296148777046e+00 -6.353695204901861626e-02 0.000000000000000000e+00 -2.661773783836351992e-02
2.791918947566283116e-01 -1.783286404209961651e-01 7.247298108114914594e-01 0.000000000000000000e+00 -8.098714459661876530e-02 -1.816809112527138226e-01 0.000000000000000000e+00 -1.485636161465653804e-01 0.000000000000000000e+00 0.000000000000000000e+00
1.332705087451050430e+00 -1.936819906860287877e-01 -1.208199233845352327e-01 0.000000000000000000e+00 0.000000000000000000e+00 0.000000000000000000e+00 0.000000000000000000e+00 -1.185361742501641474e-01 -1.100944174664304082e-01 -4.216865395541709305e-02
6.712529768100350402e-02 0.000000000000000000e+00 0.000000000000000000e+00 -7.146660232600333083e-03 -8.369974719238060462e-04 -1.428790957564803621e-01 1.013586481273451856e-01 0.000000000000000000e+00 0.000000000000000000e+00 0.000000000000000000e+00
0.000000000000000000e+00 2.883862243912709289e-01 0.000000000000000000e+00 4.444582326870394340e-03 -7.325365748722230397e-02 -1.179251990647091769e-01 0.000000000000000000e+00 0.000000000000000000e+00 1.911525320385688120e+00 1.009547185797756264e+00
0.000000000000000000e+00 1.732679873479356703e+00 0.000000000000000000e+00 7.344108342363082631e-01 7.645575648013693826e-01 -6.998580687892663743e-02 0.000000000000000000e+00 3.523790210498689568e-02 1.070344273654016520e+00 1.412409995161480802e+00
-5.558730973903500822e-02 0.000000000000000000e+00 0.000000000000000000e+00 -8.627077990510684247e-02 0.000000000000000000e+00 0.000000000000000000e+00 -9.028244781604143065e-02 -1.048574064743098139e-01 0.000000000000000000e+00 0.000000000000000000e+00
2.787814808145043788e-01 3.461781362645992566e-01 1.053729192250683067e+00 0.000000000000000000e+00 0.000000000000000000e+00 -5.317019920108807807e-02 1.564826662525299339e+00 -7.705381097473518182e-02 0.000000000000000000e+00 1.324398576523566184e+00
0.000000000000000000e+00 0.000000000000000000e+00 1.549102310367999724e+00 0.000000000000000000e+00 -9.209532782857698940e-02 -8.711662457600299891e-02 0.000000000000000000e+00 0.000000000000000000e+00 -1.461654438164487202e-01 0.000000000000000000e+00
1.607026205941566310e-01 0.000000000000000000e+00 8.555356140821956945e-01 0.000000000000000000e+00 -8.832294727738332352e-02 -1.322707974210848569e-01 0.000000000000000000e+00 -1.252899142921296283e-01 0.000000000000000000e+00 -6.840954866552695357e-02
