#Matriz 
-8.889658451875935563e-02 0.000000000000000000e+00 -5.170208383630821303e-02 0.000000000000000000e+00 0.000000000000000000e+00 0.000000000000000000e+00 -1.978346254238015078e-01 0.000000000000000000e+00 -1.492635940232533709e-01 5.426318150062736656e-02
0.000000000000000000e+00 -8.091803403236076317e-03 -7.946478995921367472e-02 0.000000000000000000e+00 0.000000000000000000e+00 0.000000000000000000e+00 -1.185493397313867048e-01 0.000000000000000000e+00 -1.120341420030124546e-01 1.504484112217930214e+00
1.893313739696012021e-02 1.006490195779772279e-01 -3.833854165254155927e-02 1.887234944855604946e+00 1.211083778892034779e+00 0.000000000000000000e+00 4.927166253687249586e-01 1.630559752370165150e+00 -4.394731699243092926e-02 0.000000000000000000e+00
0.000000000000000000e+00 0.000000000000000000e+00 -9.959768243200242677e-02 -1.044558557290839601e-01 0.000000000000000000e+00 0.000000000000000000e+00 -3.180539698227768941e-02 0.000000000000000000e+00 -1.261767577684370645e-01 2.444797856516884860e-01
0.000000000000000000e+00 0.000000000000000000e+00 -1.061065963737633649e-01 0.000000000000000000e+00 -2.913962015862312654e-02 0.000000000000000000e+00 -5.277248307438112129e-02 0.000000000000000000e+00 -2.273996734929362076e-03 0.000000000000000000e+00
0.000000000000000000e+00 0.000000000000000000e+00 0.000000000000000000e+00 0.000000000000000000e+00 0.000000000000000000e+00 -1.144486194465473700e-01 -7.987396874684016962e-03 0.000000000000000000e+00 -1.160384812692326628e-01 0.000000000000000000e+00
1.378597710892230710e+00 4.979589962262058744e-01 -1.028689016000171041e-01 1.729707545184169915e+00 2.804437184789072557e-01 1.845880883072201106e+00 -3.994028044893245533e-02 3.579658410467940755e-01 -1.305056916699883496e-01 0.000000000000000000e+00
0.000000000000000000e+00 0.000000000000000000e+00 -1.511946348784344862e-01 0.000000000000000000e+00 0.000000000000000000e+00 0.000000000000000000e+00 -1.582193479462885577e-01 -1.550709639372284676e-01 -1.937963187843552357e-02 0.000000000000000000e+00
1.818640580915261262e+00 1.126796260496051305e+00 2.392515878551402242e-01 5.465648225287864648e-01 1.882951348876917619e+00 1.471379494444668978e+00 5.236483812499757029e-01 2.836738436115138207e-01 -1.265599023952391489e-01 9.703815204964272301e-01
-1.290098701432146056e-01 -2.516382985769392150e-02 0.000000000000000000e+00 -5.509238050009275522e-02 0.000000000000000000e+00 0.000000000000000000e+00 0.000000000000000000e+00 0.000000000000000000e+00 -1.514724699968174049e-01 -1.875484003070336803e-01
