#Matriz 
-9.031540838297097418e-02 -1.531918409446779428e-01 -3.514587509021640382e-02 0.000000000000000000e+00 1.390284307591244550e+00 0.000000000000000000e+00 1.738003611138777993e+00 0.000000000000000000e+00 0.000000000000000000e+00 0.000000000000000000e+00
6.866843090152685569e-02 -1.691280510398639192e-01 -3.960172704746141303e-02 9.990781811744398055e-01 2.593575435480346414e-01 1.942771148595417330e+00 3.815682976613596900e-01 0.000000000000000000e+00 0.000000000000000000e+00 4.669303893630372126e-01
1.581338968910267706e+00 7.818649102282628771e-01 -1.970508589330124405e-01 0.000000000000000000e+00 0.000000000000000000e+00 3.902496022268922005e-01 0.000000000000000000e+00 1.955545118650423797e+00 0.000000000000000000e+00 1.578113626118149648e+00
0.000000000000000000e+00 -1.279433370014619042e-01 0.000000000000000000e+00 -1.376936641379490345e-01 4.437254571329005692e-01 0.000000000000000000e+00 1.556549832884939200e-01 -9.612452889082011287e-02 0.000000000000000000e+00 0.000000000000000000e+00
-4.354856511611304715e-02 -1.608091272751178691e-01 0.000000000000000000e+00 -1.158746021348673327e-01 -1.753709146328211177e-01 0.000000000000000000e+00 0.000000000000000000e+00 -1.835072956541701217e-01 1.523510368803950854e+00 0.000000000000000000e+00
0.000000000000000000e+00 -2.490945224568697023e-03 -1.938389550448483267e-01 0.000000000000000000e+00 0.000000000000000000e+00 -1.674276846065990698e-01 0.000000000000000000e+00 0.000000000000000000e+00 0.000000000000000000e+00 0.000000000000000000e+00
-3.558356557091912897e-02 -1.545835782726055485e-01 0.000000000000000000e+00 -1.373395574302785083e-01 0.000000000000000000e+00 0.000000000000000000e+00 -8.419579689729841943e-02 -1.832896632176000962e-01 8.168421348989316488e-01 0.000000000000000000e+00
0.000000000000000000e+00 0.000000000000000000e+00 -1.059531247469330251e-01 6.385420144137439191e-01 9.588102552793529298e-01 0.000000000000000000e+00 1.015935321006912861e+00 -1.767054576425850648e-02 3.235563564626027233e-01 9.252253733223416710e-01
0.000000000000000000e+00 0.000000000000000000e+00 0.000000000000000000e+00 0.000000000000000000e+00 -7.557865034029487977e-03 0.000000000000000000e+00 -1.348231073511785283e-01 -1.492604685988006552e-01 -1.725656840697501748e-01 -1.755325049256220016e-01
0.000000000000000000e+00 -1.312015246155389947e-01 -5.792874793519764420e-02 0.000000000000000000e+00 0.000000000000000000e+00 0.000000000000000000e+00 0.000000000000000000e+00 -1.184033050797139164e-01 8.353996593934343018e-01 -4.236391462657869422e-02
