#Matriz 
-6.066459246746691569e-02 0.000000000000000000e+00 0.000000000000000000e+00 0.000000000000000000e+00 -1.761274950754252167e-01 0.000000000000000000e+00 1.454378551786340346e+00 -1.940829243310344676e-01 0.000000000000000000e+00 6.368226796921130362e-01
0.000000000000000000e+00 -1.218092048050012366e-02 6.422671754385864684e-01 0.000000000000000000e+00 0.000000000000000000e+00 1.343609306044886154e+00 6.400366214663826270e-01 -5.400365460790988031e-02 0.000000000000000000e+00 1.519074400403550573e+00
0.000000000000000000e+00 -7.358349739060369987e-02 -4.806079056841257302e-02 0.000000000000000000e+00 0.000000000000000000e+00 0.000000000000000000e+00 -1.151036130048307682e-01 0.000000000000000000e+00 -5.801692389306894321e-02 -2.528842236824340242e-02
0.000000000000000000e+00 0.000000000000000000e+00 0.000000000000000000e+00 -1.032846888354773951e-01 0.000000000000000000e+00 1.947782935723740838e-01 0.000000000000000000e+00 -6.802210777955297605e-02 0.000000000000000000e+00 0.000000000000000000e+00
1.031316307241170849e+00 0.000000000000000000e+00 0.000000000000000000e+00 0.000000000000000000e+00 -8.833266436279250955e-02 1.086109889646563742e+00 9.569632377772687715e-01 -6.079635182999352377e-02 0.000000000000000000e+00 1.868656314955981612e+00
0.000000000000000000e+00 -5.181321679482975978e-03 0.000000000000000000e+00 -1.762281294456369274e-02 -9.304348093803525843e-02 -1.341848983164089237e-01 0.000000000000000000e+00 -1.872347228617248782e-01 0.000000000000000000e+00 0.000000000000000000e+00
-1.826406244322619776e-01 -6.633675744649324135e-02 9.840294523772035173e-01 0.000000000000000000e+00 -3.629233780043857049e-02 0.000000000000000000e+00 -8.099927907141851735e-02 0.000000000000000000e+00 -1.254870208412783572e-01 0.000000000000000000e+00
9.345288385191219405e-03 7.533919256484966631e-02 0.000000000000000000e+00 7.785344148820396715e-01 3.531135836346184220e-01 3.968015686645864903e-01 0.000000000000000000e+00 -1.578752770839123853e-01 1.351770581640672875e+00 0.000000000000000000e+00
0.000000000000000000e+00 0.000000000000000000e+00 1.918326739428548589e-01 0.000000000000000000e+00 0.000000000000000000e+00 0.000000000000000000e+00 1.676784842291680011e+00 -1.970432425895492501e-01 -3.221385486655346103e-02 1.882690482328039039e+00
-5.784397838768647049e-02 -1.871863886278542777e-01 1.455946332463162074e+00 0.000000000000000000e+00 -1.769641545773406321e-01 0.000000000000000000e+00 0.000000000000000000e+00 0.000000000000000000e+00 -1.130190600777984528e-01 -1.075951655733581175e-01
