#Matriz 
-1.486884703143055431e-01 0.000000000000000000e+00 -1.627022755495567408e-01 0.000000000000000000e+00 0.000000000000000000e+00 0.000000000000000000e+00 0.000000000000000000e+00 0.000000000000000000e+00 -1.866376768564093069e-02 -7.352842229437601962e-02
0.000000000000000000e+00 -2.129006697427131625e-02 1.270631118181010599e+00 0.000000000000000000e+00 0.000000000000000000e+00 1.988839532146977840e+00 0.000000000000000000e+00 0.000000000000000000e+00 0.000000000000000000e+00 3.452189593820076396e-02
1.296061572617053903e+00 -8.253978299023348453e-02 -1.747872012762534399e-01 1.605404890171120647e+00 0.000000000000000000e+00 1.847254009991137425e+00 3.932116154992313373e-01 1.286191826977345132e+00 8.165035823957205174e-01 -2.025768577440578699e-02
0.000000000000000000e+00 0.000000000000000000e+00 -8.798586925423301786e-02 -2.862698108647554474e-02 0.000000000000000000e+00 -1.580666464684709061e-01 0.000000000000000000e+00 -1.492458199383452644e-01 -3.879887753283553509e-02 -6.586749727000769383e-02
0.000000000000000000e+00 0.000000000000000000e+00 0.000000000000000000e+00 0.000000000000000000e+00 -3.186433201901748419e-02 0.000000000000000000e+00 -1.373690350808334272e-02 -1.346172950075781027e-01 0.000000000000000000e+00 -1.384507330911419198e-01
0.000000000000000000e+00 -1.231307432461069135e-01 -1.613689010225490827e-01 4.953010396045600672e-01 0.000000000000000000e+00 -8.211274359676811949e-03 0.000000000000000000e+00 0.000000000000000000e+00 0.000000000000000000e+00 -9.062778336110065280e-02
0.000000000000000000e+00 0.000000000000000000e+00 -1.906304308835525541e-01 0.000000000000000000e+00 9.031386061783841512e-01 0.000000000000000000e+00 -1.306354107096121819e-01 0.000000000000000000e+00 -1.377772324158114403e-01 -1.441630629188710155e-01
0.000000000000000000e+00 0.000000000000000000e+00 -1.381072081872602164e-01 1.283158727032704727e+00 1.874533642896541785e+00 0.000000000000000000e+00 0.000000000000000000e+00 -7.714836576218633835e-02 -1.067295244739546595e-01 -7.843287202658244528e-02
1.034319520468927056e+00 0.000000000000000000e+00 -2.246890085024957559e-02 1.641730620403633711e+00 0.000000000000000000e+00 0.000000000000000000e+00 1.502183134290291155e+00 2.487313363179752823e-01 -7.955990063883680574e-02 -1.142378487919426117e-01
6.259417026589630950e-02 -2.281020201199206524e-02 1.051287214975289208e+00 1.582191766086398443e+00 3.215876608452525875e-01 7.232346424093161197e-02 6.786867334932056295e-02 7.125161045755126210e-01 1.640394558741224529e+00 -1.067387907780496525e-01
