#Matriz 
-9.905719747685677590e-02 8.617968007927911955e-03 8.769734576502985490e-03 0.000000000000000000e+00 -1.425513474923059166e-02 4.340554267240848141e-01 -1.251162468273242234e-01 -3.641733604477936925e-02 0.000000000000000000e+00 0.000000000000000000e+00
-3.239187811874862100e-02 -1.493289248618020204e-01 0.000000000000000000e+00 7.056954214234163469e-01 -4.200690891068412786e-02 9.950436177973296381e-01 -1.774964751258293338e-01 0.000000000000000000e+00 1.205896867671817363e+00 0.000000000000000000e+00
-1.696714025660233174e-02 0.000000000000000000e+00 -1.183783841758544453e-01 0.000000000000000000e+00 -1.991406451596592908e-01 0.000000000000000000e+00 -1.405283012083715366e-01 0.000000000000000000e+00 0.000000000000000000e+00 0.000000000000000000e+00
0.000000000000000000e+00 -1.704314865359585485e-01 0.000000000000000000e+00 -1.237460787978453686e-01 -3.249545567244822852e-02 -1.741251968407174500e-01 -1.851709274988714016e-01 0.000000000000000000e+00 0.000000000000000000e+00 0.000000000000000000e+00
1.064092235034328482e-01 1.356074935873541998e+00 5.917248414521631972e-01 1.825533129456521353e+00 -1.846374131962842391e-01 1.571280421762581314e+00 0.000000000000000000e+00 -7.327559606255051872e-02 1.482777910159535084e+00 0.000000000000000000e+00
-4.088467072585040551e-02 -6.121076715192890622e-02 0.000000000000000000e+00 1.087318660006834525e+00 -1.448779749254535121e-01 -1.210700719461808988e-01 -1.709062373470632279e-01 0.000000000000000000e+00 8.899979174456755793e-01 -6.898167835124927039e-02
6.257270968924095733e-01 1.031446304914203971e+00 1.934578681905838593e+00 1.944349547221211338e-01 0.000000000000000000e+00 1.086928865348142814e+00 -1.181708403357044912e-01 0.000000000000000000e+00 1.574654609688952434e-01 1.337329373874622140e+00
3.227492356955408148e-01 0.000000000000000000e+00 0.000000000000000000e+00 0.000000000000000000e+00 1.983804707796005928e+00 0.000000000000000000e+00 0.000000000000000000e+00 -1.673346797807324093e-01 0.000000000000000000e+00 1.463800398751397003e+00
0.000000000000000000e+00 -1.712486420118219943e-01 0.000000000000000000e+00 0.000000000000000000e+00 -2.246105760149308406e-02 -7.924620673752945377e-02 -1.732809883367389669e-01 0.000000000000000000e+00 -8.994419141321685282e-03 0.000000000000000000e+00
0.000000000000000000e+00 0.000000000000000000e+00 0.000000000000000000e+00 0.000000000000000000e+00 0.000000000000000000e+00 4.825545451148307574e-01 -8.414277496701985659e-02 -1.549955270462861634e-01 0.000000000000000000e+00 -4.080335938581347577e-02
