#Matriz 
-9.651567688810785972e-02 5.646574915267412731e-01 0.000000000000000000e+00 4.549304603784092293e-01 0.000000000000000000e+00 1.845304578687813057e+00 1.358320253555959756e+00 1.027251762683640823e-01 8.777166815654102727e-01 0.000000000000000000e+00
-1.624045859766110045e-02 -1.884306710204364799e-01 0.000000000000000000e+00 0.000000000000000000e+00 -9.848132566802414792e-03 0.000000000000000000e+00 1.169189744931745878e+00 0.000000000000000000e+00 1.537188278426934840e+00 -6.394387976561573261e-02
0.000000000000000000e+00 0.000000000000000000e+00 -7.685240597221561221e-02 0.000000000000000000e+00 0.000000000000000000e+00 0.000000000000000000e+00 0.000000000000000000e+00 0.000000000000000000e+00 0.000000000000000000e+00 1.076600562399915084e+00
-1.268737142729584322e-01 0.000000000000000000e+00 0.000000000000000000e+00 -8.705673164463703650e-02 -1.968133968887948726e-01 0.000000000000000000e+00 7.095741816698184490e-01 0.000000000000000000e+00 8.483398180871359884e-01 -1.558651937121446895e-01
0.000000000000000000e+00 1.188083296451556192e+00 0.000000000000000000e+00 1.626656074416241271e+00 -1.509939785350147314e-02 7.451206430644106149e-01 1.519029067995043336e+00 2.603575345038704469e-01 1.488058705205938193e+00 7.429416330774369914e-01
-1.492801787210849135e-02 0.000000000000000000e+00 0.000000000000000000e+00 0.000000000000000000e+00 -5.537224666179183657e-02 -8.585536071488296395e-02 0.000000000000000000e+00 -9.929020727395926338e-02 0.000000000000000000e+00 -5.442240832575846732e-02
-1.020967419042644875e-01 -1.756196155498496725e-01 0.000000000000000000e+00 -9.142282283388084019e-02 -1.464557639170607217e-01 0.000000000000000000e+00 -2.574871185887426389e-02 0.000000000000000000e+00 0.000000000000000000e+00 0.000000000000000000e+00
-7.687172695753757834e-02 0.000000000000000000e+00 0.000000000000000000e+00 0.000000000000000000e+00 -7.626814212309485303e-04 1.248290372879029553e+00 0.000000000000000000e+00 -9.153629795211365439e-02 0.000000000000000000e+00 -2.924196859130101522e-02
-1.937945848522513448e-01 -5.886972877040888563e-02 0.000000000000000000e+00 -5.063686754808106177e-03 -1.014728920698793752e-01 0.000000000000000000e+00 0.000000000000000000e+00 0.000000000000000000e+00 -6.281428503639426009e-02 0.000000000000000000e+00
0.000000000000000000e+00 1.720217481777498225e+00 -1.308903293782191085e-02 1.338144934438682876e+00 -3.358398544753787157e-02 1.447240562889505089e+00 0.000000000000000000e+00 6.677024850409656320e-01 0.000000000000000000e+00 -2.943306231080033974e-02
