#Matriz 
-1.473402057550503574e-01 1.288986184430520598e-01 0.000000000000000000e+00 -4.571812693286328444e-02 0.000000000000000000e+00 -2.071713174794902537e-02 0.000000000000000000e+00 -1.702521213886679652e-01 -7.519710793993195086e-02 -1.966898951315962096e-01
-1.645506526460829011e-01 -1.956995516184816333e-02 0.000000000000000000e+00 -6.582754336887675084e-02 -6.911240172414949423e-02 0.000000000000000000e+00 -3.152238578554036191e-02 -1.139478010407001946e-01 -3.491681005242943531e-02 -4.316631515940714398e-02
0.000000000000000000e+00 0.000000000000000000e+00 -5.745379335014915573e-02 -1.063744569041518845e-01 0.000000000000000000e+00 -4.861155752249408935e-02 0.000000000000000000e+00 0.000000000000000000e+00 0.000000000000000000e+00 0.000000000000000000e+00
1.424388916259844429e-01 1.984980216923398544e+00 1.301276791151127377e+00 -5.711719700106050734e-02 1.762802416256663562e-01 1.189537295112051085e+00 4.922271443291348358e-01 1.932023936516849005e+00 8.456556494459614992e-01 6.093926166450887028e-01
0.000000000000000000e+00 1.562474860844490943e+00 0.000000000000000000e+00 -1.106544416641801060e-01 -1.703679795925464591e-01 -1.771230999165260278e-01 0.000000000000000000e+00 0.000000000000000000e+00 0.000000000000000000e+00 0.000000000000000000e+00
1.108859565893359989e+00 0.000000000000000000e+00 1.005382968405555300e+00 -7.861474487320930377e-03 2.011452038797716391e-01 -8.333859477185517894e-02 2.401333706133839119e-01 1.338443973352654304e-02 2.632566618835252559e-01 8.364781456266334736e-02
0.000000000000000000e+00 3.299741771074142793e-01 0.000000000000000000e+00 -1.586301991243692089e-01 0.000000000000000000e+00 -1.301666745008884518e-01 -1.775340169597089957e-01 0.000000000000000000e+00 0.000000000000000000e+00 0.000000000000000000e+00
5.835133901963900360e-01 9.580883859512794309e-01 0.000000000000000000e+00 -1.543763913768193830e-01 0.000000000000000000e+00 -2.776584086853599656e-02 0.000000000000000000e+00 -4.089793106138994716e-04 0.000000000000000000e+00 0.000000000000000000e+00
5.469739803621904706e-01 3.438772206756350869e-01 0.000000000000000000e+00 -2.855299365244956533e-02 0.000000000000000000e+00 -7.944084529073680567e-02 0.000000000000000000e+00 0.000000000000000000e+00 -1.718647790075602533e-01 0.000000000000000000e+00
1.066614143585284502e+00 8.850341157850369900e-01 0.000000000000000000e+00 -8.621788406632634183e-02 0.000000000000000000e+00 -1.041733504060632642e-01 0.000000000000000000e+00 0.000000000000000000e+00 0.000000000000000000e+00 -8.011791275193365369e-02
