#Matriz 
-1.031747368913297491e-01 0.000000000000000000e+00 0.000000000000000000e+00 0.000000000000000000e+00 -8.998259940947808677e-02 0.000000000000000000e+00 0.000000000000000000e+00 -3.276711630421611648e-02 0.000000000000000000e+00 0.000000000000000000e+00
0.000000000000000000e+00 -9.885595793314627677e-02 1.105388245341727194e+00 8.425647294598785919e-01 0.000000000000000000e+00 0.000000000000000000e+00 0.000000000000000000e+00 0.000000000000000000e+00 1.530044366862842509e+00 2.227723265061776203e-02
0.000000000000000000e+00 -1.692117306791671438e-01 -1.988564041997613330e-01 1.248467796637905636e+00 0.000000000000000000e+00 -4.364882048284984134e-02 0.000000000000000000e+00 0.000000000000000000e+00 8.439411757012373894e-01 1.909658406768614203e+00
0.000000000000000000e+00 -1.975987952485833976e-01 -1.163600922428984497e-01 -1.006256345087163107e-01 0.000000000000000000e+00 -1.644761940921777021e-01 -1.480168824535809946e-01 0.000000000000000000e+00 -1.160833415014620312e-01 -5.053037074529776254e-03
1.642773490900040656e+00 0.000000000000000000e+00 0.000000000000000000e+00 0.000000000000000000e+00 -1.307775336989774606e-01 1.259269946958387454e+00 1.863456038191084296e+00 3.003232360343246476e-01 0.000000000000000000e+00 0.000000000000000000e+00
0.000000000000000000e+00 0.000000000000000000e+00 4.525467134705207783e-01 1.766762343488720077e+00 -2.298377648972975765e-02 -1.663834348486211145e-01 3.210193563143846074e-01 0.000000000000000000e+00 6.032362063118785755e-01 6.064867146085475280e-01
0.000000000000000000e+00 0.000000000000000000e+00 0.000000000000000000e+00 1.737180144213053890e+00 -3.590127124581910141e-03 -1.011030524076576287e-01 -1.133329053879619797e-01 0.000000000000000000e+00 9.804982273369893253e-01 1.710634577939775358e+00
3.499299766205110629e-02 0.000000000000000000e+00 0.000000000000000000e+00 0.000000000000000000e+00 -1.823917625252292063e-01 0.000000000000000000e+00 0.000000000000000000e+00 -7.491262753918129236e-02 0.000000000000000000e+00 0.000000000000000000e+00
0.000000000000000000e+00 -1.572228313673273981e-02 -6.864476205224100125e-02 7.996980410465706068e-01 0.000000000000000000e+00 -1.260957683887130865e-01 -1.953708424829481705e-01 0.000000000000000000e+00 -1.545153637974753524e-01 -2.776715048700653318e-02
0.000000000000000000e+00 -1.083696426410589164e-01 -9.662504731655877088e-02 1.944991626669493989e+00 0.000000000000000000e+00 -3.308331603290701889e-02 -9.848418053359242474e-02 0.000000000000000000e+00 4.695604988671475688e-01 -1.925030704005100679e-01
