#Matriz 
-2.868823753111848784e-02 0.000000000000000000e+00 -1.630971615147061016e-01 0.000000000000000000e+00 -1.892813163051266789e-01 0.000000000000000000e+00 0.000000000000000000e+00 -5.709391637988057294e-02 -6.453850366168267794e-02 0.000000000000000000e+00
0.000000000000000000e+00 -4.380623964787109387e-02 0.000000000000000000e+00 1.933981088890111444e+00 3.742759882691915063e-01 0.000000000000000000e+00 0.000000000000000000e+00 -1.263481344101876347e-01 0.000000000000000000e+00 6.577759006373189443e-01
1.353252535862024430e+00 0.000000000000000000e+00 -1.432886299778877298e-02 -4.209297310682372228e-02 -1.744563683681233934e-01 0.000000000000000000e+00 0.000000000000000000e+00 -1.803084942999430840e-01 -8.015297835561006889e-02 0.000000000000000000e+00
0.000000000000000000e+00 -1.117479970183765658e-01 1.672462785643640260e-01 -1.375365357854024528e-01 -1.166559148933775519e-01 0.000000000000000000e+00 0.000000000000000000e+00 -1.076424826941364647e-02 -1.040008528257961029e-01 0.000000000000000000e+00
9.315153930219772782e-01 -5.010781435142080270e-02 1.671243755284979038e-01 1.899526401450947422e+00 -5.718775294371128415e-02 0.000000000000000000e+00 0.000000000000000000e+00 -1.751762138240556821e-01 -9.902081532709466893e-02 5.665846766691327030e-01
0.000000000000000000e+00 0.000000000000000000e+00 0.000000000000000000e+00 0.000000000000000000e+00 0.000000000000000000e+00 -6.613124345061852094e-02 4.468024449586209812e-01 -1.936248950677766367e-01 0.000000000000000000e+00 0.000000000000000000e+00
0.000000000000000000e+00 0.000000000000000000e+00 0.000000000000000000e+00 0.000000000000000000e+00 0.000000000000000000e+00 -4.824621128001618797e-02 -2.570177165319005586e-02 -1.078129341014585213e-01 0.000000000000000000e+00 0.000000000000000000e+00
6.663441314621936229e-01 7.129154148603769059e-01 1.533007926580207458e+00 1.603386003403114657e+00 1.711422237562367776e+00 6.705224910964111551e-01 8.179848803988398753e-01 -1.720210248479206172e-01 0.000000000000000000e+00 1.003080536116835786e+00
6.764692186409924091e-01 0.000000000000000000e+00 1.322670327829201575e+00 6.730813392679539930e-01 7.822869147517639288e-01 0.000000000000000000e+00 0.000000000000000000e+00 0.000000000000000000e+00 -3.458524347230418350e-02 4.742596872784368145e-01
0.000000000000000000e+00 -8.895978741017199209e-02 0.000000000000000000e+00 0.000000000000000000e+00 -3.760619533713909640e-02 0.000000000000000000e+00 0.000000000000000000e+00 -1.590183981211934494e-01 -1.504425172377061859e-01 -4.349959025262331580e-02
