#Matriz 
-7.310693016991132165e-02 -1.502864295276682693e-01 -1.831534242515331368e-01 -2.979821213619939999e-02 -1.999258796286697004e-01 1.854759717364272253e+00 0.000000000000000000e+00 -4.434743718367204629e-02 0.000000000000000000e+00 0.000000000000000000e+00
1.922285333850259237e+00 -2.277592257380134291e-03 0.000000000000000000e+00 -1.558203111886699854e-01 0.000000000000000000e+00 0.000000000000000000e+00 -3.007458609539497355e-02 -1.043886467098330550e-01 0.000000000000000000e+00 -6.736294374783095840e-02
5.052739720985970351e-01 0.000000000000000000e+00 -1.981992053195276438e-02 0.000000000000000000e+00 3.242711971635245938e-01 0.000000000000000000e+00 0.000000000000000000e+00 -3.989138638950234100e-02 0.000000000000000000e+00 -1.846043109808355454e-01
9.462735482146171773e-01 7.492526322372439207e-01 0.000000000000000000e+00 -3.338983431303945565e-02 5.011483517994541614e-02 0.000000000000000000e+00 -1.759293691169464546e-01 -9.623173521467379143e-02 0.000000000000000000e+00 -4.232404076444247487e-02
1.894362469774243163e+00 0.000000000000000000e+00 -1.359915595212127515e-01 -1.532970843170300690e-01 -1.541685777249784950e-01 0.000000000000000000e+00 -1.927096382365441340e-01 -1.158565263290226577e-01 0.000000000000000000e+00 0.000000000000000000e+00
-1.220914949847639319e-01 0.000000000000000000e+00 0.000000000000000000e+00 0.000000000000000000e+00 0.000000000000000000e+00 -1.085806813467213722e-01 0.000000000000000000e+00 -1.164920599914092691e-01 0.000000000000000000e+00 0.000000000000000000e+00
0.000000000000000000e+00 1.989714604344974935e+00 0.000000000000000000e+00 1.599302565075806370e+00 2.565320369403814027e-01 0.000000000000000000e+00 -1.453926030071877595e-01 0.000000000000000000e+00 0.000000000000000000e+00 -1.407391317585275081e-01
1.079281119497797148e+00 2.259207701955259218e-01 1.937108927295613237e+00 4.669353919658814078e-02 1.975833420489878645e-01 2.321305047070607586e-01 0.000000000000000000e+00 -2.182016692980835032e-02 0.000000000000000000e+00 0.000000000000000000e+00
0.000000000000000000e+00 0.000000000000000000e+00 0.000000000000000000e+00 0.000000000000000000e+00 0.000000000000000000e+00 0.000000000000000000e+00 0.000000000000000000e+00 0.000000000000000000e+00 -7.287915308355119581e-02 -3.738757177217182787e-02
0.000000000000000000e+00 8.347463878363934331e-01 2.885652624686319001e-02 2.813918354910676101e-01 0.000000000000000000e+00 0.000000000000000000e+00 1.769036876610182274e+00 0.000000000000000000e+00 1.526941695558803103e+00 -1.905096695017250430e-01
