#Matriz 
-6.750539883511282035e-02 -1.918363354775118046e-01 -1.057782529475745359e-01 0.000000000000000000e+00 -1.670463764975511634e-01 -4.035802533236113043e-02 -4.972670377768102778e-02 0.000000000000000000e+00 0.000000000000000000e+00 0.000000000000000000e+00
1.831426037807910800e+00 -9.954020982354146174e-02 1.742752779266827368e+00 8.455789026300080113e-01 -6.892059131589460541e-02 0.000000000000000000e+00 -3.913637190796202120e-02 0.000000000000000000e+00 0.000000000000000000e+00 0.000000000000000000e+00
1.017128770288156847e+00 -1.795561865997311879e-01 -1.382586299402051855e-01 6.007851777580290875e-01 -5.461452727351925884e-02 0.000000000000000000e+00 -1.966559692852241636e-01 0.000000000000000000e+00 -1.604192813178765276e-01 0.000000000000000000e+00
0.000000000000000000e+00 -1.654843986855489835e-01 -7.074318483948820180e-02 -8.150756038304440843e-02 -1.548376401417586867e-01 -1.566604430919487645e-01 -4.458349248450597241e-02 0.000000000000000000e+00 0.000000000000000000e+00 -6.108255996158092060e-02
1.048094541605364638e+00 1.823073319992209562e+00 6.026144826412040967e-01 1.508438093550219516e-01 -6.800457055465385092e-02 1.177441713028547499e+00 6.492355099731124124e-01 4.187966233055577803e-01 0.000000000000000000e+00 0.000000000000000000e+00
1.122509258825960199e+00 0.000000000000000000e+00 0.000000000000000000e+00 4.333235660068055495e-01 -1.546076668265935483e-01 -1.709058459436722521e-01 -1.130054438345107493e-01 0.000000000000000000e+00 0.000000000000000000e+00 0.000000000000000000e+00
1.374630208301782730e+00 2.145322205218971323e-01 8.103800122150306429e-01 1.757437964429343413e+00 -3.444224834530609097e-02 1.762991535129838194e+00 -4.679268959344040635e-02 1.084976744203361099e+00 0.000000000000000000e+00 0.000000000000000000e+00
0.000000000000000000e+00 0.000000000000000000e+00 0.000000000000000000e+00 0.000000000000000000e+00 -8.343873256441701469e-02 0.000000000000000000e+00 -5.198893576224845881e-02 -4.052828755429674357e-02 0.000000000000000000e+00 0.000000000000000000e+00
0.000000000000000000e+00 0.000000000000000000e+00 8.769493161334660503e-01 0.000000000000000000e+00 0.000000000000000000e+00 0.000000000000000000e+00 0.000000000000000000e+00 0.000000000000000000e+00 -8.525707494945088116e-02 0.000000000000000000e+00
0.000000000000000000e+00 0.000000000000000000e+00 0.000000000000000000e+00 1.969112026898412804e+00 0.000000000000000000e+00 0.000000000000000000e+00 0.000000000000000000e+00 0.000000000000000000e+00 0.000000000000000000e+00 -1.923302141996742487e-01
