#Matriz 
-1.518634132575171214e-01 0.000000000000000000e+00 -1.613118727093891258e-01 0.000000000000000000e+00 0.000000000000000000e+00 -9.058114792777721691e-02 -4.081728897580891996e-02 -1.944875535858988647e-01 -9.044877286774813396e-02 0.000000000000000000e+00
0.000000000000000000e+00 -7.033163101715432519e-02 -1.855827646836023526e-01 0.000000000000000000e+00 0.000000000000000000e+00 -4.032797069440403892e-02 0.000000000000000000e+00 -3.681633015768348560e-02 -1.029970756427330408e-01 1.611525969648442524e+00
1.089294766180304741e+00 1.694700847397275556e+00 -4.391879808859089351e-02 0.000000000000000000e+00 2.796388572408150530e-01 6.594160542339357889e-01 4.948400738453924141e-01 1.491853291410226046e+00 9.434509428341320003e-02 0.000000000000000000e+00
0.000000000000000000e+00 0.000000000000000000e+00 0.000000000000000000e+00 -5.770601656855239153e-02 0.000000000000000000e+00 0.000000000000000000e+00 0.000000000000000000e+00 0.000000000000000000e+00 -1.799905889482317223e-01 -1.693825638471462836e-01
0.000000000000000000e+00 0.000000000000000000e+00 -3.078084104152156719e-02 0.000000000000000000e+00 -1.622921063152945320e-01 0.000000000000000000e+00 0.000000000000000000e+00 -3.868634226080265581e-02 0.000000000000000000e+00 1.901575039293283975e-01
9.393104577155821922e-01 1.544226672976102277e+00 -1.961204366000064425e-01 0.000000000000000000e+00 0.000000000000000000e+00 -1.677589516974965500e-01 3.614171948244144783e-01 -5.020812258531426320e-02 -1.648310835663228113e-01 0.000000000000000000e+00
1.466262208706061276e+00 0.000000000000000000e+00 -1.841762404022001531e-01 0.000000000000000000e+00 0.000000000000000000e+00 -7.103943276175683774e-02 -1.356520507165875633e-01 -6.000334285736630413e-02 -1.496634737062714320e-02 0.000000000000000000e+00
1.714963277302481437e-01 1.174439340318054192e-01 -1.131780594716145505e-01 0.000000000000000000e+00 1.964725942041181561e+00 1.545965742373237584e+00 8.244863451028949797e-02 -8.776833397082935140e-02 1.351287131235434424e+00 0.000000000000000000e+00
1.469185520818920621e+00 9.714114565426168468e-02 -8.250605057594131986e-02 1.582846659490327212e+00 0.000000000000000000e+00 1.371555602402387830e+00 6.464241380385893354e-01 -6.151804520695341311e-02 -1.560133907185395630e-01 1.483789311381816356e+00
0.000000000000000000e+00 -1.387596171025631542e-01 0.000000000000000000e+00 1.423692044598811712e+00 -6.489655731131985239e-02 0.000000000000000000e+00 0.000000000000000000e+00 0.000000000000000000e+00 -1.786210799422038864e-01 -1.708005421373478272e-01
