#Matriz 
-6.252358249314884930e-02 0.000000000000000000e+00 -1.711542414188149674e-01 -8.878010367858862883e-02 -1.770439010586267459e-01 -9.563487732436498634e-02 0.000000000000000000e+00 0.000000000000000000e+00 0.000000000000000000e+00 0.000000000000000000e+00
0.000000000000000000e+00 -4.682310366603179702e-02 -8.667495994658890035e-02 -5.191694871275331913e-02 -1.843528695572173026e-01 -7.843612141072278665e-02 1.190030901453077661e+00 9.652597680936076951e-01 0.000000000000000000e+00 0.000000000000000000e+00
1.101821788705042326e+00 1.415135217571642956e+00 -2.960710595439561971e-02 -9.838482468216681529e-03 -1.860058472672880825e-01 -1.241830595938531040e-01 0.000000000000000000e+00 0.000000000000000000e+00 0.000000000000000000e+00 0.000000000000000000e+00
8.772343650443263918e-01 1.848094821981746350e+00 1.931226798898431296e+00 -5.018176434588966089e-02 -1.750205542870746367e-01 -1.827434991097152683e-01 0.000000000000000000e+00 0.000000000000000000e+00 2.152312121188471039e-02 0.000000000000000000e+00
1.192009466350549607e+00 1.509655014451469546e+00 3.021221518327545930e-01 8.529267903769142123e-01 -1.274029453964118513e-02 -3.192085912825466665e-02 0.000000000000000000e+00 0.000000000000000000e+00 7.389697477070196197e-01 0.000000000000000000e+00
3.146434673127969095e-01 8.419754282002438472e-01 3.486020941107714766e-01 9.870290576723486087e-01 1.920152282563542645e+00 -1.249383110501987026e-01 0.000000000000000000e+00 0.000000000000000000e+00 4.699223867558648404e-01 4.976032364729496837e-01
0.000000000000000000e+00 -1.461655557809485584e-01 0.000000000000000000e+00 0.000000000000000000e+00 0.000000000000000000e+00 0.000000000000000000e+00 -4.838756284083511883e-02 0.000000000000000000e+00 -1.971961348538311398e-01 0.000000000000000000e+00
0.000000000000000000e+00 -1.693702250276166166e-01 0.000000000000000000e+00 0.000000000000000000e+00 0.000000000000000000e+00 0.000000000000000000e+00 0.000000000000000000e+00 -1.912410561679896148e-02 -6.183301194465373914e-03 0.000000000000000000e+00
0.000000000000000000e+00 0.000000000000000000e+00 0.000000000000000000e+00 -3.265674108677026066e-02 -3.965154984223200757e-02 -1.549957344102323997e-01 4.523263639460639585e-01 1.702810241146198500e+00 -1.951577269404727866e-01 1.902868740158832450e+00
0.000000000000000000e+00 0.000000000000000000e+00 0.000000000000000000e+00 0.000000000000000000e+00 0.000000000000000000e+00 -5.385456614063337949e-02 0.000000000000000000e+00 0.000000000000000000e+00 -1.740071212586910554e-01 -4.145892874125900983e-03
