#Matriz 
-2.751206745978211979e-02 0.000000000000000000e+00 0.000000000000000000e+00 0.000000000000000000e+00 -2.022697437700460288e-02 0.000000000000000000e+00 -4.987304280876270202e-02 0.000000000000000000e+00 5.943309917486285787e-01 0.000000000000000000e+00
0.000000000000000000e+00 -1.615765646325500460e-01 0.000000000000000000e+00 1.370135775260206357e+00 -1.359355037944021127e-02 0.000000000000000000e+00 -3.518784992216939314e-03 0.000000000000000000e+00 5.105839937742042700e-01 -1.964516808347084309e-01
0.000000000000000000e+00 0.000000000000000000e+00 -1.976014451396495009e-01 0.000000000000000000e+00 1.027557970534091591e+00 1.829064150481092277e-01 4.821771884259404839e-01 5.470182007019732673e-01 0.000000000000000000e+00 4.447988625381338323e-02
0.000000000000000000e+00 -3.930181605777132575e-02 0.000000000000000000e+00 -1.836577297371941031e-01 0.000000000000000000e+00 0.000000000000000000e+00 -7.698094578584127601e-02 0.000000000000000000e+00 7.392220992780689226e-01 0.000000000000000000e+00
6.956583954267343550e-01 9.958589410242035811e-02 -8.514965234905730318e-02 0.000000000000000000e+00 -7.322254771049721556e-02 -3.938296356445647288e-03 0.000000000000000000e+00 0.000000000000000000e+00 0.000000000000000000e+00 -1.954607181489881329e-01
0.000000000000000000e+00 0.000000000000000000e+00 -1.862399025575723899e-01 0.000000000000000000e+00 1.252805392382759786e+00 -1.948540978352745479e-01 0.000000000000000000e+00 8.394343187186215083e-02 0.000000000000000000e+00 1.670541452145510197e+00
1.675596881024457030e+00 1.478352168732212979e+00 -1.719996962809258179e-01 9.104340031224438246e-01 0.000000000000000000e+00 0.000000000000000000e+00 -1.894218346434880518e-01 1.971207396572655979e+00 5.025903562677278558e-01 0.000000000000000000e+00
0.000000000000000000e+00 0.000000000000000000e+00 -1.700691743411854584e-01 0.000000000000000000e+00 0.000000000000000000e+00 -1.051295028081272176e-01 -8.414048531557422050e-02 -4.621390899138422270e-02 1.631054112154201707e+00 -1.204553291068567317e-01
-1.280976547366117768e-01 -1.479221978694695953e-02 0.000000000000000000e+00 -1.924966674038364363e-03 0.000000000000000000e+00 0.000000000000000000e+00 -1.209662954314707078e-01 -1.416015004665167887e-01 -5.041490096085426281e-02 0.000000000000000000e+00
0.000000000000000000e+00 3.177097228725340727e-01 -1.877249966469170250e-02 0.000000000000000000e+00 1.337762222412471891e+00 -1.801087437783428433e-02 0.000000000000000000e+00 1.922908224081392170e+00 0.000000000000000000e+00 -5.608186967412074481e-02
