#Matriz 
-1.519949378401864448e-01 0.000000000000000000e+00 0.000000000000000000e+00 -2.349016826741134965e-03 0.000000000000000000e+00 0.000000000000000000e+00 0.000000000000000000e+00 -1.169736726473722538e-02 -9.367791956305837608e-02 -6.218567520564266538e-02
0.000000000000000000e+00 -5.220660075458712079e-02 -1.393397763314224991e-01 0.000000000000000000e+00 7.035420878969831371e-01 0.000000000000000000e+00 -1.014643355830471272e-01 -1.597505208874160365e-01 0.000000000000000000e+00 0.000000000000000000e+00
0.000000000000000000e+00 1.109765483894799232e+00 -4.625396783048763005e-02 -3.638698651981462501e-02 2.738774708624331922e-01 0.000000000000000000e+00 -1.864685596196342665e-01 -1.669714285378802732e-01 0.000000000000000000e+00 0.000000000000000000e+00
9.178412436630933868e-01 0.000000000000000000e+00 1.497304929293992171e+00 -7.931069210170862971e-02 0.000000000000000000e+00 9.320999945887404881e-01 0.000000000000000000e+00 -8.465011665946509459e-03 -1.342623886993036808e-01 0.000000000000000000e+00
0.000000000000000000e+00 -9.917974304982438150e-02 -5.299667395305096562e-02 0.000000000000000000e+00 -1.162878776413654863e-01 0.000000000000000000e+00 -7.820434655743097041e-02 -1.734384487463678237e-01 0.000000000000000000e+00 0.000000000000000000e+00
0.000000000000000000e+00 0.000000000000000000e+00 0.000000000000000000e+00 -1.722013889696869665e-02 0.000000000000000000e+00 -1.244581740179778323e-01 -5.660180987453947155e-02 -1.268760716572237546e-01 0.000000000000000000e+00 0.000000000000000000e+00
0.000000000000000000e+00 1.824574627693462459e+00 1.344414693229680768e+00 0.000000000000000000e+00 1.876422434007013473e+00 1.494977570632163077e+00 -4.561878272607262919e-02 -8.237679981766424242e-02 -3.141690471105098442e-02 0.000000000000000000e+00
6.459490266589420493e-01 1.338472665641073256e+00 1.444573716316221779e+00 1.803372176082066680e+00 4.202880770532297916e-01 7.191464038427755057e-01 1.323166902992671812e+00 -3.767517970469191901e-02 6.872452010244722853e-01 1.980155575513404154e+00
8.537076754950860824e-01 0.000000000000000000e+00 0.000000000000000000e+00 5.194827736696581155e-01 0.000000000000000000e+00 0.000000000000000000e+00 6.491564616657479192e-01 -1.042824965096531831e-01 -3.879603518379722005e-02 2.800827728607582223e-01
1.366108417626455962e+00 0.000000000000000000e+00 0.000000000000000000e+00 0.000000000000000000e+00 0.000000000000000000e+00 0.000000000000000000e+00 0.000000000000000000e+00 -1.859725684565921300e-01 -7.049616453201577870e-02 -1.367594568874141991e-01
