#Matriz 
-1.002307700312568689e-01 1.075628302435815975e-02 -1.719819340876395930e-01 0.000000000000000000e+00 -1.472392562834757834e-01 0.000000000000000000e+00 -1.338972880379673824e-01 1.774610655049982499e+00 2.647775853630787157e-01 0.000000000000000000e+00
-7.180214800467210612e-02 -1.570492821696643782e-01 -1.207098175808204027e-01 0.000000000000000000e+00 -1.086993794392261958e-01 -1.201165182840686074e-01 -1.408796295163129153e-01 8.029949654029135964e-01 1.959868479767972405e+00 0.000000000000000000e+00
1.842417363671805752e+00 1.392225510912881159e-01 -1.010284363990912732e-01 0.000000000000000000e+00 -8.372157372494377914e-02 0.000000000000000000e+00 1.167604861306742681e+00 4.523572492795431277e-01 0.000000000000000000e+00 0.000000000000000000e+00
0.000000000000000000e+00 0.000000000000000000e+00 0.000000000000000000e+00 -2.775923190324854073e-02 0.000000000000000000e+00 0.000000000000000000e+00 0.000000000000000000e+00 0.000000000000000000e+00 0.000000000000000000e+00 1.643742701515801485e+00
1.247658026780104512e+00 1.727464043426881979e+00 5.288633330583416559e-01 0.000000000000000000e+00 -1.586062254285156292e-01 0.000000000000000000e+00 3.822896738875511957e-01 7.313488889545203264e-01 0.000000000000000000e+00 1.745353438671630064e+00
0.000000000000000000e+00 1.872583412856783758e+00 0.000000000000000000e+00 0.000000000000000000e+00 0.000000000000000000e+00 -1.507974514644623287e-01 -3.076985913558701047e-02 4.940242615368257706e-01 0.000000000000000000e+00 0.000000000000000000e+00
1.056849116775956832e+00 4.509431536182315625e-01 -1.541508883028115499e-02 0.000000000000000000e+00 -1.111821071345790585e-01 1.666883130365596211e+00 -7.135131920027286412e-02 2.697316088929126998e-01 0.000000000000000000e+00 1.222958635549250106e+00
-4.154465738052888490e-02 -1.733096170361146104e-01 -1.915249925374499229e-01 0.000000000000000000e+00 -1.847828570524785441e-01 -1.472386793862160426e-01 -1.854189599734538396e-01 -1.163860100817605131e-01 0.000000000000000000e+00 0.000000000000000000e+00
-1.053742474599745488e-01 -1.824036267970692016e-01 0.000000000000000000e+00 0.000000000000000000e+00 0.000000000000000000e+00 0.000000000000000000e+00 0.000000000000000000e+00 0.000000000000000000e+00 -8.241044006338907324e-02 0.000000000000000000e+00
0.000000000000000000e+00 0.000000000000000000e+00 0.000000000000000000e+00 -4.653590105368694829e-02 -3.475103306531966002e-02 0.000000000000000000e+00 -1.795443495181134885e-01 0.000000000000000000e+00 0.000000000000000000e+00 -1.754371073400602665e-01
