#Matriz 
-4.366766962207804803e-02 -1.271074615229488558e-01 -1.108882336423618470e-01 -1.388719902037866272e-01 -1.479483511433249965e-01 -8.649141763880958955e-02 -1.421812149493710542e-01 8.374505037450981071e-01 0.000000000000000000e+00 -6.181340428780062596e-02
8.501539215284754647e-01 -1.083655317668778678e-01 0.000000000000000000e+00 -1.655157295137535955e-01 0.000000000000000000e+00 8.754711166471256245e-01 -9.518788954430353055e-02 7.816625885696397713e-01 0.000000000000000000e+00 -7.636704877491684584e-03
1.650145467840994584e+00 0.000000000000000000e+00 -7.269923860865313246e-03 0.000000000000000000e+00 0.000000000000000000e+00 0.000000000000000000e+00 0.000000000000000000e+00 5.549215124820117140e-02 0.000000000000000000e+00 0.000000000000000000e+00
1.826776067867353914e+00 2.757359747391010529e-01 0.000000000000000000e+00 -5.907449682748464742e-02 1.703604283939892383e-01 1.041803994017515445e+00 0.000000000000000000e+00 0.000000000000000000e+00 0.000000000000000000e+00 1.954349642294836986e-01
9.767475728153840464e-03 0.000000000000000000e+00 0.000000000000000000e+00 -1.765249498319702293e-01 -1.210858989272713543e-01 0.000000000000000000e+00 -1.508775570699589230e-01 1.295351368807070136e+00 0.000000000000000000e+00 -8.927976927803545071e-02
2.398900269684021147e-01 -1.095185410277776800e-01 0.000000000000000000e+00 -1.236949666632894823e-01 0.000000000000000000e+00 -9.806049876402825327e-02 -1.020789681005506017e-01 0.000000000000000000e+00 0.000000000000000000e+00 -2.971803617574584472e-02
3.874291354866923331e-01 6.074508569385865808e-01 0.000000000000000000e+00 0.000000000000000000e+00 1.449281265905705718e+00 1.221914581913198905e+00 -2.429180642389570238e-02 0.000000000000000000e+00 -9.174495166379124933e-02 0.000000000000000000e+00
-4.291721909280859365e-02 -5.933819477930390995e-02 -7.795133857064313887e-02 0.000000000000000000e+00 -3.593193754558104275e-02 0.000000000000000000e+00 0.000000000000000000e+00 -7.416380955106298412e-02 0.000000000000000000e+00 0.000000000000000000e+00
0.000000000000000000e+00 0.000000000000000000e+00 0.000000000000000000e+00 0.000000000000000000e+00 0.000000000000000000e+00 0.000000000000000000e+00 1.629575181766109271e+00 0.000000000000000000e+00 -1.341419639254430932e-02 0.000000000000000000e+00
8.226393169367602898e-01 7.207886262595795124e-01 0.000000000000000000e+00 -8.650782272171234077e-02 1.685390402246479402e+00 5.207813748605971682e-02 0.000000000000000000e+00 0.000000000000000000e+00 0.000000000000000000e+00 -1.022133760574965855e-01
