#Matriz 
-5.795302297174856343e-02 0.000000000000000000e+00 0.000000000000000000e+00 0.000000000000000000e+00 -1.715489583225799849e-02 -1.985163389198372208e-01 -7.622802917508791909e-02 0.000000000000000000e+00 1.961031175939325077e-01 -1.938128331796905579e-01
0.000000000000000000e+00 -5.033424244704365336e-02 0.000000000000000000e+00 -1.846117837812818463e-01 -1.277642266174351393e-01 -1.238058903813122336e-01 -1.708373686364071387e-01 0.000000000000000000e+00 0.000000000000000000e+00 -3.413817850895595196e-02
0.000000000000000000e+00 0.000000000000000000e+00 -1.815751628386397254e-01 0.000000000000000000e+00 0.000000000000000000e+00 -1.991151215513093931e-01 -1.086887965529121508e-01 0.000000000000000000e+00 0.000000000000000000e+00 0.000000000000000000e+00
0.000000000000000000e+00 4.042752185756790517e-01 0.000000000000000000e+00 -1.669786845577771461e-01 -5.983801364548651386e-02 -8.630916045130898606e-02 -1.623575574874618621e-01 0.000000000000000000e+00 0.000000000000000000e+00 -1.733482573522275930e-02
8.036143499547097058e-01 8.912631764607694684e-01 0.000000000000000000e+00 3.965533649875023769e-01 -1.683925942685154942e-01 0.000000000000000000e+00 0.000000000000000000e+00 6.773332193782592991e-01 0.000000000000000000e+00 0.000000000000000000e+00
1.468309143653692139e+00 7.847532399317049823e-01 4.336784817152359306e-01 1.852715920563240637e+00 0.000000000000000000e+00 -1.178444667914930744e-01 0.000000000000000000e+00 9.580249524875426026e-01 7.504269422310785309e-01 0.000000000000000000e+00
1.694212505091117427e+00 1.300643656201108112e-01 1.446782858656405768e-01 1.889316576612091181e+00 0.000000000000000000e+00 0.000000000000000000e+00 -1.207744628977385493e-01 8.481464435929439993e-01 0.000000000000000000e+00 0.000000000000000000e+00
0.000000000000000000e+00 0.000000000000000000e+00 0.000000000000000000e+00 0.000000000000000000e+00 -8.926248528569152851e-02 -9.928469782629581464e-02 -1.650632757632886083e-01 -1.936754604866087748e-01 1.122839810378798431e+00 -1.554833700696063858e-01
-1.806554667227920907e-01 0.000000000000000000e+00 0.000000000000000000e+00 0.000000000000000000e+00 0.000000000000000000e+00 -9.011047369032743060e-02 0.000000000000000000e+00 -1.637750964015284028e-01 -1.392831404123051620e-03 0.000000000000000000e+00
1.863250739482476215e+00 8.986077840872732647e-01 0.000000000000000000e+00 4.832363104891927996e-01 0.000000000000000000e+00 0.000000000000000000e+00 0.000000000000000000e+00 1.910290873135406686e+00 0.000000000000000000e+00 -8.772607306902631408e-02
