#Matriz 
-1.436389743045501377e-01 0.000000000000000000e+00 0.000000000000000000e+00 0.000000000000000000e+00 -5.265196540030490230e-02 0.000000000000000000e+00 -7.270058601227523398e-02 -1.233397176561787933e-01 -3.549850211674392825e-02 5.018828928146217283e-01
0.000000000000000000e+00 -7.511321570863412067e-02 1.538928505802572566e-01 0.000000000000000000e+00 -4.693029616227417655e-02 0.000000000000000000e+00 0.000000000000000000e+00 0.000000000000000000e+00 -1.616514147902922138e-01 0.000000000000000000e+00
0.000000000000000000e+00 -9.798039497183051727e-02 -2.574231470075863046e-02 0.000000000000000000e+00 -9.868108935012820382e-02 8.879559801896741433e-02 0.000000000000000000e+00 0.000000000000000000e+00 -7.300851851347192611e-02 2.985637697562901760e-01
0.000000000000000000e+00 0.000000000000000000e+00 0.000000000000000000e+00 -1.430097526897116944e-01 -1.494023413043260307e-01 1.502593300137871069e-01 -1.720463002379808148e-01 -7.992383392657281815e-02 -1.357896823391830099e-01 0.000000000000000000e+00
1.777884680217192148e+00 1.237790126271869795e+00 1.993775067191469352e+00 7.205673121641889001e-01 -7.128510053031007765e-02 1.899236621315179896e+00 0.000000000000000000e+00 0.000000000000000000e+00 9.657336646672871616e-01 5.212584577601564462e-01
0.000000000000000000e+00 0.000000000000000000e+00 -1.047735013189883373e-02 -1.201732968341882313e-01 -9.892571268696587206e-02 -9.158055514956651988e-02 0.000000000000000000e+00 0.000000000000000000e+00 0.000000000000000000e+00 6.467692744229194268e-01
1.141077260000096461e+00 0.000000000000000000e+00 0.000000000000000000e+00 1.637791165354473000e+00 0.000000000000000000e+00 0.000000000000000000e+00 -7.686867568674966844e-02 -7.081362748237300664e-02 0.000000000000000000e+00 0.000000000000000000e+00
1.191676583409961854e-01 0.000000000000000000e+00 0.000000000000000000e+00 1.083907398381538822e+00 0.000000000000000000e+00 0.000000000000000000e+00 2.596404902940723236e-01 -9.546750099624563834e-02 1.650988856418403872e+00 0.000000000000000000e+00
1.191312808336437268e+00 1.411548143341691874e+00 2.108544177221070015e-01 1.510227789693085576e+00 -1.449158846502205389e-01 0.000000000000000000e+00 0.000000000000000000e+00 -8.289067943993842780e-02 -1.350633068849375340e-01 0.000000000000000000e+00
-8.067399580183831631e-02 0.000000000000000000e+00 -1.488568292029542606e-01 0.000000000000000000e+00 -1.116882032447888834e-01 -1.888943980002847356e-01 0.000000000000000000e+00 0.000000000000000000e+00 0.000000000000000000e+00 -1.406968067595932952e-02
