#Matriz 
-2.585682882712336816e-02 1.505047480405828475e+00 3.457005077967725271e-01 5.121660126007168135e-01 0.000000000000000000e+00 -8.121128500043031662e-02 1.103503348463995337e+00 0.000000000000000000e+00 1.736031095965946180e+00 0.000000000000000000e+00
-1.493895625821619610e-01 -2.198843190154542437e-02 1.621279449670259387e+00 0.000000000000000000e+00 -1.654936848951485406e-01 -1.250848416163158061e-01 0.000000000000000000e+00 -1.476496674673213605e-01 0.000000000000000000e+00 -1.282087276683095134e-01
-9.981710603263383233e-03 -8.654323675461927934e-03 -9.304842964538909134e-02 0.000000000000000000e+00 -1.111023775188524909e-01 0.000000000000000000e+00 0.000000000000000000e+00 -9.673092540368433481e-03 0.000000000000000000e+00 -1.130868578497489785e-01
-3.187609269907287768e-02 0.000000000000000000e+00 0.000000000000000000e+00 -1.658735565235618381e-01 -1.347402746994290634e-01 0.000000000000000000e+00 -2.837977165576935010e-02 0.000000000000000000e+00 4.113144555750456455e-01 -1.753159321435620588e-01
0.000000000000000000e+00 1.206364675203908998e+00 2.676949480022454697e-01 1.000541424151520031e+00 -1.686224987504881534e-01 -1.049205724512070753e-01 1.727286024959675537e+00 -1.973692203589145489e-01 2.379794242616504185e-01 4.945231813337187532e-01
3.719221596777924077e-01 8.644584199753773124e-01 0.000000000000000000e+00 0.000000000000000000e+00 1.539611051869469671e+00 -1.594796198115635763e-02 1.057049269480592413e+00 0.000000000000000000e+00 0.000000000000000000e+00 1.543463709307038245e+00
-5.142355002278464760e-02 0.000000000000000000e+00 0.000000000000000000e+00 1.811841126164815297e+00 -2.090051487535402736e-02 -1.551405046194740400e-01 -7.837985668043774556e-02 -1.496527428097438051e-01 0.000000000000000000e+00 -1.898383122957122693e-01
0.000000000000000000e+00 1.977360586894545857e+00 1.175246284339488856e+00 0.000000000000000000e+00 7.563522550317856030e-01 0.000000000000000000e+00 7.032423279851365283e-01 -1.631216106012486622e-01 0.000000000000000000e+00 1.646814900182802521e+00
-7.041407577914929328e-02 0.000000000000000000e+00 0.000000000000000000e+00 -4.221020845420378476e-02 -6.391024148992592580e-02 0.000000000000000000e+00 0.000000000000000000e+00 0.000000000000000000e+00 -3.317932313518485998e-02 0.000000000000000000e+00
0.000000000000000000e+00 9.248920508921740780e-01 6.365723270858314464e-02 1.987410831542285150e+00 -5.758429398662579315e-03 -1.446755930856589434e-01 1.694466486947223016e+00 -4.076021875120264260e-02 0.000000000000000000e+00 -1.832631331770520899e-01
