#Matriz 
-2.277605665454278741e-02 0.000000000000000000e+00 -1.213543079642955824e-01 0.000000000000000000e+00 -3.067074121292215003e-02 0.000000000000000000e+00 2.472656639017192237e-01 0.000000000000000000e+00 -1.328549917176026218e-01 -6.801999275474178430e-02
0.000000000000000000e+00 -1.171528291147181655e-01 0.000000000000000000e+00 0.000000000000000000e+00 -9.303397104057475886e-03 -1.862169304933025127e-01 0.000000000000000000e+00 -6.406643055704304424e-02 0.000000000000000000e+00 0.000000000000000000e+00
2.333018242658055907e-01 0.000000000000000000e+00 -9.902607001725806032e-03 0.000000000000000000e+00 0.000000000000000000e+00 0.000000000000000000e+00 1.940153577167450738e+00 0.000000000000000000e+00 0.000000000000000000e+00 0.000000000000000000e+00
0.000000000000000000e+00 0.000000000000000000e+00 0.000000000000000000e+00 -1.502900014103297766e-01 -1.884169333947942615e-01 -8.409625308264367938e-02 5.020263923418475382e-01 -4.620320195290919529e-02 0.000000000000000000e+00 0.000000000000000000e+00
1.093824180528021550e+00 3.713596207249361125e-01 0.000000000000000000e+00 1.218364662561497447e+00 -1.438756845831203335e-01 1.079447520360812929e+00 1.560814282322906532e+00 0.000000000000000000e+00 6.218330684024857558e-01 1.737694354749949044e+00
0.000000000000000000e+00 1.556315703000906492e+00 0.000000000000000000e+00 9.120498238685810222e-01 -1.881980904770508278e-01 -9.193125693520194652e-02 0.000000000000000000e+00 -5.110641686001393680e-03 1.513796919285478992e+00 0.000000000000000000e+00
-1.178481273511000627e-01 0.000000000000000000e+00 -2.119892814228949846e-02 -2.756127583322305619e-02 -1.637473886206897711e-01 0.000000000000000000e+00 -3.841965088068299838e-02 0.000000000000000000e+00 -1.675354679094804844e-01 -8.470551623483812964e-02
0.000000000000000000e+00 6.472105322219823265e-01 0.000000000000000000e+00 1.387494848855459484e+00 0.000000000000000000e+00 8.024991301422208512e-01 0.000000000000000000e+00 -1.797929710081147270e-01 1.454146586777943284e+00 0.000000000000000000e+00
5.389944327861750928e-02 0.000000000000000000e+00 0.000000000000000000e+00 0.000000000000000000e+00 -1.924404522520074545e-01 -1.029613157730626255e-01 1.016772057526228012e+00 -1.393678895530553463e-01 -1.882951715796284953e-01 1.145425558735371219e+00
1.138839780648630340e+00 0.000000000000000000e+00 0.000000000000000000e+00 0.000000000000000000e+00 -1.063324464206194531e-02 0.000000000000000000e+00 1.657778972896554404e+00 0.000000000000000000e+00 -3.557070137495206563e-02 -1.834136868958591380e-03
