#Matriz 
-1.691414788860200746e-01 -1.018514822696884869e-01 0.000000000000000000e+00 -9.677002920049584955e-02 -1.897027154250354730e-01 -1.137246275032620935e-01 0.000000000000000000e+00 0.000000000000000000e+00 0.000000000000000000e+00 0.000000000000000000e+00
5.411856688762621825e-01 -6.439836843461553550e-02 0.000000000000000000e+00 -1.709121164214518485e-01 0.000000000000000000e+00 -4.020577095584010330e-02 -1.629245628774175503e-01 0.000000000000000000e+00 0.000000000000000000e+00 0.000000000000000000e+00
0.000000000000000000e+00 0.000000000000000000e+00 -1.619386854008464383e-01 9.542075278243986602e-01 0.000000000000000000e+00 0.000000000000000000e+00 0.000000000000000000e+00 1.494986504337916688e+00 0.000000000000000000e+00 0.000000000000000000e+00
1.672223065897593619e+00 1.882024338060609203e+00 -1.551328892616242738e-01 -1.520500022043798360e-01 7.097566923858589227e-01 0.000000000000000000e+00 0.000000000000000000e+00 -1.188815413975554958e-01 0.000000000000000000e+00 1.522210011626707216e+00
4.707342521119299850e-01 0.000000000000000000e+00 0.000000000000000000e+00 -1.032646550011997039e-01 -1.348557832520516087e-01 -2.764465507347771064e-02 -1.229437931309798060e-01 0.000000000000000000e+00 0.000000000000000000e+00 -1.688976595585329685e-02
1.663107255859028744e+00 1.442636996146573258e+00 0.000000000000000000e+00 0.000000000000000000e+00 8.367539524364471237e-01 -4.083825258063718266e-02 1.803799605640507009e+00 0.000000000000000000e+00 1.574079329048216236e+00 1.865005974965047386e+00
0.000000000000000000e+00 1.062637274188080072e+00 0.000000000000000000e+00 0.000000000000000000e+00 9.229901919787693032e-01 -1.708710319583646997e-01 -1.439093016657714275e-01 -1.717094725349133377e-01 -1.121086781252655096e-01 4.814973808453508752e-01
0.000000000000000000e+00 0.000000000000000000e+00 -1.378852445667795301e-01 1.148286975656420239e+00 0.000000000000000000e+00 0.000000000000000000e+00 9.160756573597836905e-01 -1.586794377056651717e-01 1.940950263734888326e+00 1.663144426754711969e+00
0.000000000000000000e+00 0.000000000000000000e+00 0.000000000000000000e+00 0.000000000000000000e+00 0.000000000000000000e+00 -1.218909117953196619e-01 1.312676367258274412e+00 -1.806192978893251533e-01 -1.671097679912732781e-01 0.000000000000000000e+00
0.000000000000000000e+00 0.000000000000000000e+00 0.000000000000000000e+00 -1.550641274005676307e-01 6.817925019586597024e-01 -1.109967791430376827e-01 -9.065157536538592797e-02 -4.815900132738035883e-02 0.000000000000000000e+00 -1.304853669705834385e-01
