#Matriz 
-6.883937804074891087e-02 -6.278511207339756983e-02 0.000000000000000000e+00 -1.762792049883469547e-01 -1.511645209283964987e-02 0.000000000000000000e+00 0.000000000000000000e+00 9.717824150932150573e-01 -5.576333753464528947e-02 0.000000000000000000e+00
1.770712605782687188e-01 -1.816793152974320869e-01 0.000000000000000000e+00 0.000000000000000000e+00 0.000000000000000000e+00 1.992318259125110513e+00 1.290932529920889138e+00 0.000000000000000000e+00 -1.011222996470481778e-01 8.127708823807422434e-03
0.000000000000000000e+00 0.000000000000000000e+00 -1.226571739796527005e-01 0.000000000000000000e+00 0.000000000000000000e+00 0.000000000000000000e+00 -1.218241065735454626e-01 -6.433858229413479124e-02 0.000000000000000000e+00 0.000000000000000000e+00
1.953316798542597432e+00 0.000000000000000000e+00 0.000000000000000000e+00 -1.132317997633526946e-01 1.462452608176068036e-01 1.211428135893245273e+00 2.798777268884313774e-01 0.000000000000000000e+00 1.808674293905924380e+00 9.278137503282635201e-02
1.262634003540333616e+00 0.000000000000000000e+00 0.000000000000000000e+00 -1.745014054149461868e-01 -1.364417833270469560e-01 1.828404972538373086e+00 1.536938426441932126e+00 0.000000000000000000e+00 -1.125697261870770016e-01 2.865673612080887889e-01
0.000000000000000000e+00 -1.029296627195935288e-01 0.000000000000000000e+00 -4.070459188343003576e-02 -6.139867861212040812e-02 -5.727587911089696004e-02 0.000000000000000000e+00 0.000000000000000000e+00 -8.699543200653364616e-02 0.000000000000000000e+00
0.000000000000000000e+00 -1.019120794368359173e-01 1.892312111398594565e+00 -1.754197984728577409e-01 -1.142145026426714810e-01 0.000000000000000000e+00 -6.785802929101092569e-03 1.107814480973824400e+00 -5.104056085570692070e-02 0.000000000000000000e+00
-1.160570067160873221e-02 0.000000000000000000e+00 1.731738723266306179e+00 0.000000000000000000e+00 0.000000000000000000e+00 0.000000000000000000e+00 -5.411688345293677593e-02 -1.093883410984431148e-01 0.000000000000000000e+00 0.000000000000000000e+00
1.877202795375174427e+00 4.149053207142245903e-01 0.000000000000000000e+00 -1.753313862226721920e-01 1.240339396827251361e+00 1.315670670600519232e+00 5.638995877897636788e-01 0.000000000000000000e+00 -4.362466972669554188e-02 8.460572500066287915e-01
0.000000000000000000e+00 -4.868979558385242573e-02 0.000000000000000000e+00 -1.344527342859362928e-01 -1.343191525544133735e-01 0.000000000000000000e+00 0.000000000000000000e+00 0.000000000000000000e+00 -1.217229596483144875e-02 -6.753787916029695138e-02
