#Matriz 
-1.519816317890734236e-01 -1.348145320784533419e-01 0.000000000000000000e+00 1.281337746128423660e-01 -5.038509016880441532e-02 0.000000000000000000e+00 3.189543627839717121e-01 1.101183189716213873e+00 1.312916742656317748e+00 -6.432248165933944495e-02
1.421464813643603442e+00 -6.502086433731180115e-03 0.000000000000000000e+00 0.000000000000000000e+00 0.000000000000000000e+00 2.953223683171553038e-01 0.000000000000000000e+00 0.000000000000000000e+00 0.000000000000000000e+00 1.066908477971376223e+00
0.000000000000000000e+00 0.000000000000000000e+00 -2.826066626772145984e-02 6.652768698787059343e-02 -9.243089588568607906e-02 0.000000000000000000e+00 0.000000000000000000e+00 0.000000000000000000e+00 3.631784651821807763e-01 -1.769568427515158804e-01
-8.971950934013189771e-02 0.000000000000000000e+00 -1.435567037660922529e-01 -1.318667233586698628e-01 -1.093459477830349691e-01 -6.304318140277757887e-02 0.000000000000000000e+00 0.000000000000000000e+00 0.000000000000000000e+00 0.000000000000000000e+00
1.405745053353294027e+00 0.000000000000000000e+00 8.744903673684747414e-01 4.060782090068815187e-02 -9.081767121393298503e-02 1.443944799634169884e+00 6.513914300983640882e-01 1.253337192624661700e+00 1.380318182974101582e+00 1.561112254185052617e+00
0.000000000000000000e+00 -5.701942982626628798e-02 0.000000000000000000e+00 1.664843305945051588e+00 -3.858433956324354430e-02 -1.453105645981558336e-01 9.868222320690571703e-01 0.000000000000000000e+00 6.535951569986828691e-01 -9.688116669320266661e-02
-2.752703531030575856e-02 0.000000000000000000e+00 0.000000000000000000e+00 0.000000000000000000e+00 -7.280111910949962906e-02 -1.378307340595500141e-01 -9.715355766227506962e-03 5.858848031506149745e-01 0.000000000000000000e+00 0.000000000000000000e+00
-1.510890792911610270e-01 0.000000000000000000e+00 0.000000000000000000e+00 0.000000000000000000e+00 -1.151198282461348976e-01 0.000000000000000000e+00 -7.840230404106728057e-02 -1.389140391052039528e-02 0.000000000000000000e+00 0.000000000000000000e+00
-1.249444534889983527e-01 0.000000000000000000e+00 -4.000613232377046163e-02 0.000000000000000000e+00 -1.114473556929481690e-01 -9.907061869057687264e-02 0.000000000000000000e+00 0.000000000000000000e+00 -1.486422594071440673e-01 0.000000000000000000e+00
1.098707732814410365e+00 -1.877247765695522763e-01 1.829501191385550340e+00 0.000000000000000000e+00 -3.541731100962288575e-02 1.332929214236492577e+00 0.000000000000000000e+00 0.000000000000000000e+00 0.000000000000000000e+00 -1.057161387124731233e-01
