#Matriz 
-6.670405054607818351e-02 0.000000000000000000e+00 0.000000000000000000e+00 -4.508595512550128692e-02 0.000000000000000000e+00 0.000000000000000000e+00 -1.634472668065235501e-01 -1.841676855565114457e-01 -1.770359402953461947e-01 -8.911946502967445227e-02
0.000000000000000000e+00 -1.445156029002273856e-01 0.000000000000000000e+00 0.000000000000000000e+00 0.000000000000000000e+00 0.000000000000000000e+00 0.000000000000000000e+00 0.000000000000000000e+00 -1.196710631939644776e-01 0.000000000000000000e+00
0.000000000000000000e+00 0.000000000000000000e+00 -1.908390020127865572e-01 -1.085299818983405211e-02 1.307421151630149492e+00 0.000000000000000000e+00 0.000000000000000000e+00 0.000000000000000000e+00 -7.120076628878546643e-02 0.000000000000000000e+00
1.987030362694716557e+00 0.000000000000000000e+00 2.494613025998138056e-02 -1.319179790110729111e-01 1.249199019733879146e+00 8.504514502268925025e-01 1.521567567202651627e+00 1.312373185953167987e+00 0.000000000000000000e+00 0.000000000000000000e+00
0.000000000000000000e+00 0.000000000000000000e+00 -1.207211406581666924e-01 -1.399830732174910941e-01 -4.343425514444288101e-03 -1.251036587507361499e-02 0.000000000000000000e+00 0.000000000000000000e+00 -4.606636976373239961e-02 0.000000000000000000e+00
0.000000000000000000e+00 0.000000000000000000e+00 0.000000000000000000e+00 -8.601073431973610406e-02 1.533766837557216878e+00 -1.064215776542554864e-01 -1.668879708770837356e-01 -1.164863458502801569e-01 -8.103533522561612301e-02 -1.947956350544250981e-01
3.870374793327806540e-01 0.000000000000000000e+00 0.000000000000000000e+00 -1.385290136552713158e-01 0.000000000000000000e+00 3.040012236951128433e-01 -1.334964730852445658e-01 1.777737648612404797e+00 -1.840949539113010403e-01 1.309138939176486938e+00
1.744450393031558466e+00 0.000000000000000000e+00 0.000000000000000000e+00 -9.175468742062787078e-03 0.000000000000000000e+00 2.139384865359439392e-01 -1.066896841740400670e-01 -1.850159112934642858e-01 -1.163329086145712538e-02 -1.696431594287694800e-01
1.512440803034589942e+00 6.054899683702055224e-01 7.170167678763750274e-01 0.000000000000000000e+00 2.251074385149505197e-01 4.878354584872399702e-01 1.421664805997587377e+00 1.456866103638235543e+00 -4.124524414705739439e-02 9.666270701584003255e-01
1.312276153499954523e+00 0.000000000000000000e+00 0.000000000000000000e+00 0.000000000000000000e+00 0.000000000000000000e+00 8.693960188521066001e-01 -3.266839899961993064e-03 1.525099471468258860e+00 -8.947977929676681486e-02 -6.373102903602111124e-02
