#Matriz 
-2.618310066668037145e-02 0.000000000000000000e+00 0.000000000000000000e+00 0.000000000000000000e+00 0.000000000000000000e+00 0.000000000000000000e+00 -7.857106380082079511e-03 -1.772545998680466472e-01 0.000000000000000000e+00 -1.384958390177193355e-02
0.000000000000000000e+00 -9.598591683161553090e-02 1.016052430594967859e+00 1.897534511267879864e+00 -1.727996539761823824e-01 -6.612794544379625716e-02 0.000000000000000000e+00 1.117660978412717387e+00 0.000000000000000000e+00 0.000000000000000000e+00
0.000000000000000000e+00 -1.481657036169151953e-01 -1.675983674449945671e-01 0.000000000000000000e+00 0.000000000000000000e+00 0.000000000000000000e+00 -1.892756438756265647e-01 -2.100283030553780350e-02 0.000000000000000000e+00 0.000000000000000000e+00
0.000000000000000000e+00 -1.239140343396145927e-01 0.000000000000000000e+00 -1.865335202706355222e-01 -1.543856794619615780e-01 0.000000000000000000e+00 0.000000000000000000e+00 1.056219578835984718e+00 -3.046726390166860921e-02 0.000000000000000000e+00
0.000000000000000000e+00 1.855512213371111940e+00 0.000000000000000000e+00 1.257582469965223826e+00 -1.285547337063810136e-01 4.944861342396857928e-01 2.900866567194460011e-02 9.723713476430457803e-01 1.631133880249172385e+00 7.217799052870133014e-01
0.000000000000000000e+00 3.228466920285799624e-02 0.000000000000000000e+00 0.000000000000000000e+00 -4.647880558787738370e-02 -1.200333344881519548e-01 1.350315339349082322e+00 0.000000000000000000e+00 1.175429281334866127e+00 1.938636913613961399e+00
1.575404006397340462e+00 0.000000000000000000e+00 5.409959032195834627e-01 0.000000000000000000e+00 -1.837704728524722775e-01 -9.680478903891745479e-02 -6.956850650595010344e-02 0.000000000000000000e+00 0.000000000000000000e+00 0.000000000000000000e+00
2.836195025576573325e-01 -1.747630801074280815e-01 4.768430281569917550e-01 -1.514123187877194909e-01 -1.056807111954538442e-01 0.000000000000000000e+00 0.000000000000000000e+00 -1.159954572944502660e-01 -6.005463139665696837e-02 0.000000000000000000e+00
0.000000000000000000e+00 0.000000000000000000e+00 0.000000000000000000e+00 1.501030649788080318e+00 -9.836052890427858519e-02 -1.747184186175032572e-01 0.000000000000000000e+00 7.847891781700868652e-01 -1.164876904930126494e-01 0.000000000000000000e+00
1.067622035561330840e-01 0.000000000000000000e+00 0.000000000000000000e+00 0.000000000000000000e+00 -1.696895390551463323e-01 -1.240330179145925638e-01 0.000000000000000000e+00 0.000000000000000000e+00 0.000000000000000000e+00 -5.493790624284929092e-02
