#Matriz 
-7.448656993629303169e-02 -1.214156602540372304e-01 -4.630747863921614096e-03 0.000000000000000000e+00 -1.560117570523864849e-01 -1.856276681174123810e-01 -5.896422276293067366e-02 0.000000000000000000e+00 0.000000000000000000e+00 -2.287514660130920627e-02
1.824907653831728593e+00 -1.377941111212920289e-01 0.000000000000000000e+00 0.000000000000000000e+00 6.283157270000816474e-01 0.000000000000000000e+00 3.663010426500210581e-01 -9.917516745506044229e-02 1.535984778789034610e-01 4.048975655718383138e-01
3.689683954302565017e-01 0.000000000000000000e+00 -1.761164249664552428e-01 0.000000000000000000e+00 1.175586682931126115e+00 0.000000000000000000e+00 4.518743086955911981e-01 0.000000000000000000e+00 0.000000000000000000e+00 1.793767075797434885e+00
0.000000000000000000e+00 0.000000000000000000e+00 0.000000000000000000e+00 -1.728981599177572270e-01 0.000000000000000000e+00 1.533779529236749539e-01 0.000000000000000000e+00 -8.279356404496195088e-02 1.566512358958469298e+00 0.000000000000000000e+00
1.780841949510156841e-01 -1.868522861411520131e-01 -9.462070049389420534e-02 0.000000000000000000e+00 -8.701844224741790701e-02 0.000000000000000000e+00 0.000000000000000000e+00 -6.364165357100526332e-02 0.000000000000000000e+00 0.000000000000000000e+00
7.105097063920124967e-01 0.000000000000000000e+00 0.000000000000000000e+00 -1.470571814612792738e-01 0.000000000000000000e+00 -9.937968498123582461e-02 0.000000000000000000e+00 -1.396134614958281783e-01 0.000000000000000000e+00 0.000000000000000000e+00
9.710310473470720183e-01 -1.544756352233237484e-01 -5.661853349940475927e-02 0.000000000000000000e+00 0.000000000000000000e+00 0.000000000000000000e+00 -1.778855189920580948e-01 -7.371376906866200854e-03 0.000000000000000000e+00 0.000000000000000000e+00
0.000000000000000000e+00 2.949227224271682157e-01 0.000000000000000000e+00 2.174435035374924219e-01 1.792935171880418954e+00 3.266285039385792288e-01 1.964592823173611169e+00 -2.147524196886221523e-02 1.404439626062228719e+00 1.866410867273127661e+00
0.000000000000000000e+00 -1.528423676178499169e-01 0.000000000000000000e+00 -3.345318155000662902e-02 0.000000000000000000e+00 0.000000000000000000e+00 0.000000000000000000e+00 -1.649488011706516655e-01 -1.657897961516507368e-01 0.000000000000000000e+00
1.855409946968042068e+00 -1.230733855461680903e-01 -1.960015650423196365e-01 0.000000000000000000e+00 0.000000000000000000e+00 0.000000000000000000e+00 0.000000000000000000e+00 -1.588810333856102985e-01 0.000000000000000000e+00 -3.410485365485256548e-02
