#Matriz 
-1.471112446895819492e-01 -1.517043199920551366e-01 5.808202541240592431e-01 -1.672144683683604582e-01 1.154504043861316331e+00 -1.152479128673799674e-01 1.485898783877128704e+00 0.000000000000000000e+00 0.000000000000000000e+00 0.000000000000000000e+00
1.139994535980865864e+00 -3.451798373750554483e-02 0.000000000000000000e+00 0.000000000000000000e+00 0.000000000000000000e+00 -1.284702909958993777e-01 0.000000000000000000e+00 0.000000000000000000e+00 0.000000000000000000e+00 0.000000000000000000e+00
-1.719756544455250946e-01 0.000000000000000000e+00 -1.081069211866520913e-01 0.000000000000000000e+00 0.000000000000000000e+00 -8.671560723645017899e-02 0.000000000000000000e+00 1.371850160002926255e+00 5.981224339318838013e-01 1.776625315986743336e+00
2.054395741254282370e-01 0.000000000000000000e+00 0.000000000000000000e+00 -7.458754938231880460e-02 1.708909990791096511e-02 -1.228077848827540119e-01 7.579870283073730786e-01 0.000000000000000000e+00 0.000000000000000000e+00 0.000000000000000000e+00
-1.907169019315100300e-01 0.000000000000000000e+00 0.000000000000000000e+00 -5.134638806025385027e-02 -1.682418217958287499e-01 -1.011720335625644202e-01 6.088555124087053905e-01 0.000000000000000000e+00 0.000000000000000000e+00 0.000000000000000000e+00
1.501925521702663691e+00 8.777426340779828084e-01 1.913650808518120972e+00 8.967477455281420706e-01 9.185615840497898255e-01 -1.413800755988692259e-01 1.106134481411334303e+00 3.346110321995814374e-01 5.650314228243047410e-01 6.673560568556731187e-01
-2.413407529251061778e-02 0.000000000000000000e+00 0.000000000000000000e+00 -1.164321218857903156e-01 -1.067737902813118422e-01 -1.221328116909999456e-01 -1.608717240453282626e-01 1.859222852532537162e+00 8.606809223084970206e-01 0.000000000000000000e+00
0.000000000000000000e+00 0.000000000000000000e+00 -1.860957619602459090e-01 0.000000000000000000e+00 0.000000000000000000e+00 -1.932794996319356015e-02 -1.171015541375486635e-01 -5.070706190322882279e-02 1.314257248473013728e+00 -1.082203232409324062e-01
0.000000000000000000e+00 0.000000000000000000e+00 -4.689302453200381443e-02 0.000000000000000000e+00 0.000000000000000000e+00 -1.867563366990602214e-01 -1.574942945577493814e-01 -8.706883804440304631e-02 -1.857102268354959562e-01 -5.488766790312005206e-02
0.000000000000000000e+00 0.000000000000000000e+00 -5.281733098112711272e-02 0.000000000000000000e+00 0.000000000000000000e+00 -1.299680671487492833e-01 0.000000000000000000e+00 1.973096093702739307e+00 1.584073895865662607e+00 -3.309336795024031552e-02
