#Matriz 
-2.452298338669145483e-02 1.520814344314050937e+00 0.000000000000000000e+00 0.000000000000000000e+00 0.000000000000000000e+00 1.776061254081382490e+00 1.835606947563583002e+00 0.000000000000000000e+00 0.000000000000000000e+00 0.000000000000000000e+00
-4.461312340228532070e-02 -1.705789226040751727e-01 0.000000000000000000e+00 0.000000000000000000e+00 7.511074691724408670e-01 -1.901980891485792469e-01 -6.012487804172466505e-02 0.000000000000000000e+00 -2.688966157521115521e-02 0.000000000000000000e+00
0.000000000000000000e+00 0.000000000000000000e+00 -1.742116708648226153e-01 -2.984024493918089466e-02 0.000000000000000000e+00 -1.000868834720777256e-01 0.000000000000000000e+00 -8.262787930286452642e-03 -7.710723157611271139e-02 0.000000000000000000e+00
0.000000000000000000e+00 0.000000000000000000e+00 4.690966254551189873e-01 -1.413943198157853742e-01 0.000000000000000000e+00 -1.985772158467514203e-01 0.000000000000000000e+00 -7.481658289267324041e-03 -6.002756436284362174e-02 4.983816624195589462e-01
0.000000000000000000e+00 -1.886646840155808136e-01 0.000000000000000000e+00 0.000000000000000000e+00 -1.512723950807738915e-01 -8.280457980212729829e-02 0.000000000000000000e+00 -9.960957207074599973e-02 -4.320215546096931036e-02 2.644691548031037343e-01
-1.437449460899669143e-02 6.500826262946186596e-01 3.387006679979684964e-01 1.375834851095607547e-01 1.830253677738591156e+00 -1.378961894849153359e-02 -1.833233364548842725e-01 0.000000000000000000e+00 0.000000000000000000e+00 1.205917725081408598e+00
-1.375552471811226640e-01 8.773274875158583175e-01 0.000000000000000000e+00 0.000000000000000000e+00 0.000000000000000000e+00 1.069903211310375468e+00 -1.749398936194997978e-01 0.000000000000000000e+00 1.965551563911973609e+00 0.000000000000000000e+00
0.000000000000000000e+00 0.000000000000000000e+00 1.832654217003025998e+00 1.311854510697366916e+00 7.513102749527362789e-01 0.000000000000000000e+00 0.000000000000000000e+00 -1.671403714187725820e-01 0.000000000000000000e+00 7.834193580181028072e-01
0.000000000000000000e+00 1.163377240977305771e-01 1.644172293530135276e+00 1.494180118353001907e+00 7.449433011549917438e-01 0.000000000000000000e+00 -6.821249109574674396e-02 0.000000000000000000e+00 -1.215723450738819544e-01 4.001187403072987703e-01
0.000000000000000000e+00 0.000000000000000000e+00 0.000000000000000000e+00 -1.124820385911326215e-01 -8.868841822483880533e-02 -1.089717474175154605e-01 0.000000000000000000e+00 -6.927302902780980987e-02 -5.563568039482156419e-02 -1.775905955693303229e-01
