#Matriz 
-1.908655793295321867e-01 0.000000000000000000e+00 -1.579917454047695125e-01 -8.453188034505831894e-02 0.000000000000000000e+00 0.000000000000000000e+00 0.000000000000000000e+00 5.818351450171574957e-01 1.267819819189185626e+00 -6.348135575204137682e-02
0.000000000000000000e+00 -7.405567738410512302e-02 -1.184057217190204181e-02 -1.596203574076209344e-02 0.000000000000000000e+00 0.000000000000000000e+00 0.000000000000000000e+00 1.657711867339935363e+00 1.537976737747570599e-01 -2.481267525226860116e-02
6.103080503547471114e-01 1.877242711461040159e-01 -1.629651387464779166e-01 -1.118893461143199942e-03 0.000000000000000000e+00 0.000000000000000000e+00 1.379696250531610602e+00 0.000000000000000000e+00 0.000000000000000000e+00 -1.935566977179752624e-01
1.516486603861668003e+00 1.436940970062293044e+00 1.311405340988186952e+00 -3.116712881504155735e-02 0.000000000000000000e+00 0.000000000000000000e+00 0.000000000000000000e+00 0.000000000000000000e+00 0.000000000000000000e+00 -3.549887237591167061e-02
0.000000000000000000e+00 0.000000000000000000e+00 0.000000000000000000e+00 0.000000000000000000e+00 -2.891680922847588223e-02 0.000000000000000000e+00 0.000000000000000000e+00 1.389005215387690839e-01 1.376649500724192121e+00 -1.469145263094765730e-01
0.000000000000000000e+00 0.000000000000000000e+00 0.000000000000000000e+00 0.000000000000000000e+00 0.000000000000000000e+00 -1.903797534548823389e-02 1.795393655249324372e+00 8.852226023386140508e-01 3.206922957245539330e-01 -2.992453748019428122e-02
0.000000000000000000e+00 0.000000000000000000e+00 -1.464522292653245017e-01 0.000000000000000000e+00 0.000000000000000000e+00 -1.713555894390761669e-01 -1.474467741570384405e-02 1.116264858571982987e+00 2.752723492455593224e-01 0.000000000000000000e+00
-1.930312449571232325e-01 -7.756196245430696523e-02 0.000000000000000000e+00 0.000000000000000000e+00 -1.615410758069580344e-01 -8.194459628324786415e-02 -1.577405388949515430e-01 -8.160832629207392594e-03 0.000000000000000000e+00 0.000000000000000000e+00
-8.295254475988077247e-02 -8.822609029647354717e-02 0.000000000000000000e+00 0.000000000000000000e+00 -5.532280148792101566e-03 -5.026734359900271454e-02 -7.625934776618897848e-02 0.000000000000000000e+00 -9.462141241691995885e-02 0.000000000000000000e+00
1.041621161661902217e+00 1.940658154140703529e+00 8.815196482659959365e-02 1.858883025009423484e+00 6.510970549391419393e-01 1.244396066003992773e+00 0.000000000000000000e+00 0.000000000000000000e+00 0.000000000000000000e+00 -5.446080210986384285e-02
