#Matriz 
-1.538136847211877267e-01 -6.461018959325814937e-02 -1.038891233247811324e-01 0.000000000000000000e+00 -1.137213406689444595e-01 0.000000000000000000e+00 0.000000000000000000e+00 0.000000000000000000e+00 -1.460110129839189419e-01 0.000000000000000000e+00
1.619771910152508321e+00 -6.291438989401654247e-02 0.000000000000000000e+00 1.482913042279796922e+00 1.486063002399134803e+00 5.079291144143620595e-01 1.656192161490429360e+00 1.474268591003206730e+00 1.982317061834099725e+00 2.676957946172349168e-01
1.737099109799624008e+00 0.000000000000000000e+00 -5.134550637900894832e-02 1.110121293389039421e+00 1.180993641451924647e+00 1.153725743115076918e+00 1.088066446654269992e-01 1.789644549511553162e-01 1.766881085998068146e+00 2.247040562383655349e-01
0.000000000000000000e+00 -9.903469277200559195e-02 -4.591908484479685637e-02 -1.073280761698026248e-01 1.226499775798068903e+00 1.335195583405361042e+00 0.000000000000000000e+00 0.000000000000000000e+00 8.500260611240317843e-02 1.779136853096117799e+00
1.637173771923683407e+00 -5.378664859706841495e-02 -5.015351246094957270e-03 -4.846018783233488336e-02 -1.202913018636542902e-01 0.000000000000000000e+00 1.216965509226272335e+00 1.009911956933669197e+00 0.000000000000000000e+00 0.000000000000000000e+00
0.000000000000000000e+00 -7.639947289570026175e-03 -9.494155367732640127e-02 -6.993869613349257275e-02 0.000000000000000000e+00 -2.798246796326564478e-02 0.000000000000000000e+00 0.000000000000000000e+00 0.000000000000000000e+00 0.000000000000000000e+00
0.000000000000000000e+00 -5.600851545636269940e-02 -1.960625739185288541e-01 0.000000000000000000e+00 -2.700440804748904799e-02 0.000000000000000000e+00 -1.051501859246286169e-01 0.000000000000000000e+00 -1.569033243323532667e-01 0.000000000000000000e+00
0.000000000000000000e+00 -1.395009444327846848e-01 -1.787506529993564408e-01 0.000000000000000000e+00 -1.011492915136036341e-01 0.000000000000000000e+00 0.000000000000000000e+00 -1.802483193876858181e-02 -1.616553889022751822e-01 0.000000000000000000e+00
1.540526569057721895e+00 -1.526098905339884626e-01 -1.003930114169018506e-01 -1.329858819941658887e-01 0.000000000000000000e+00 0.000000000000000000e+00 1.954396389714499360e+00 3.638479070426974271e-01 -8.326491068358166103e-02 0.000000000000000000e+00
0.000000000000000000e+00 -1.557116408851601796e-01 -3.797816837155013059e-02 -1.796394144165655016e-01 0.000000000000000000e+00 0.000000000000000000e+00 0.000000000000000000e+00 0.000000000000000000e+00 0.000000000000000000e+00 -8.851549967056560053e-02
