#Matriz 
-1.783879839239781440e-01 -5.754214761851004362e-02 -6.442127225383209588e-02 0.000000000000000000e+00 -5.608457663980573327e-02 9.415889515605995186e-01 0.000000000000000000e+00 0.000000000000000000e+00 0.000000000000000000e+00 0.000000000000000000e+00
1.390225352950963833e+00 -1.589423196136900418e-01 1.665661371066213148e+00 8.407120062808481897e-01 1.584234378455562808e+00 2.512816255481822303e-01 8.989645862684196853e-01 4.470536205765327509e-01 2.788704398675487806e-01 5.994124199027344169e-01
1.817334257000663422e+00 -1.102384738400591230e-01 -3.246364418568423865e-02 0.000000000000000000e+00 6.197353239360507970e-01 0.000000000000000000e+00 0.000000000000000000e+00 -1.331094942663906336e-02 0.000000000000000000e+00 0.000000000000000000e+00
0.000000000000000000e+00 -9.435341992467126404e-02 0.000000000000000000e+00 -8.716466751213312880e-02 0.000000000000000000e+00 0.000000000000000000e+00 5.056947943586129757e-01 -2.277236429848317201e-02 0.000000000000000000e+00 0.000000000000000000e+00
1.397685712899882304e+00 -1.083170599974321302e-01 -1.560761407601978790e-01 0.000000000000000000e+00 -1.214287481965555804e-01 1.113681564071509200e-01 1.495717474086537546e-01 -8.887138867772546857e-02 1.346915975638479201e+00 9.895485761866373853e-01
-1.157504734893631260e-01 -1.234614527050955646e-01 0.000000000000000000e+00 0.000000000000000000e+00 -5.545115092831882919e-02 -1.588846420496992928e-01 -4.525750262511976652e-02 0.000000000000000000e+00 -1.878729382339392462e-01 0.000000000000000000e+00
0.000000000000000000e+00 -6.664199667649313430e-02 0.000000000000000000e+00 -7.496159696323312360e-02 -1.253106771869965178e-02 9.868338741368023470e-01 -8.891454620241741325e-02 0.000000000000000000e+00 -4.888517164129960180e-02 -1.554140070085426595e-01
0.000000000000000000e+00 -8.615728652352994121e-02 1.998535708574192160e+00 1.332396887882383529e+00 1.922219686830977325e+00 0.000000000000000000e+00 0.000000000000000000e+00 -1.648883548712228864e-01 0.000000000000000000e+00 0.000000000000000000e+00
0.000000000000000000e+00 -1.723551258372956196e-01 0.000000000000000000e+00 0.000000000000000000e+00 -1.733177629823352828e-01 7.604287176291757433e-01 1.578761714442491471e-01 0.000000000000000000e+00 -2.221551399752104416e-02 1.565477140946161194e+00
0.000000000000000000e+00 -5.272155189170286971e-02 0.000000000000000000e+00 0.000000000000000000e+00 -1.838933938773006371e-01 0.000000000000000000e+00 3.244310048447105466e-01 0.000000000000000000e+00 -1.325565469522466955e-01 -1.883115330666886300e-01
