#Matriz 
-1.346172846840492654e-01 0.000000000000000000e+00 1.413484663334692026e+00 0.000000000000000000e+00 8.708443078250793778e-01 1.155567185465356639e+00 0.000000000000000000e+00 -1.928939724246833964e-01 -6.830746233038387585e-03 8.767628004052592239e-01
0.000000000000000000e+00 -4.944986707513272794e-02 0.000000000000000000e+00 0.000000000000000000e+00 0.000000000000000000e+00 0.000000000000000000e+00 0.000000000000000000e+00 -1.696248450676316744e-01 -1.887627997879700592e-01 0.000000000000000000e+00
-9.471649618608879440e-02 0.000000000000000000e+00 -1.227330710161518845e-01 -4.740547174938778557e-02 1.111661626564582672e+00 -1.340384704793127768e-01 0.000000000000000000e+00 0.000000000000000000e+00 0.000000000000000000e+00 3.928605863151330979e-01
0.000000000000000000e+00 0.000000000000000000e+00 6.461176955159455559e-01 -1.302038483356252885e-01 8.890479413145775389e-01 1.058513815089071608e+00 0.000000000000000000e+00 0.000000000000000000e+00 -4.811126662568557255e-02 1.224640081990511220e-01
-4.814099484601941543e-03 0.000000000000000000e+00 -4.114580064285165012e-02 -2.156366095449962009e-02 -1.728739530037665395e-01 0.000000000000000000e+00 0.000000000000000000e+00 0.000000000000000000e+00 0.000000000000000000e+00 -9.143734509960688844e-03
-8.699726358274471882e-02 0.000000000000000000e+00 1.587749940666090875e+00 -8.066208258764162586e-02 0.000000000000000000e+00 -1.367783793631249800e-02 -1.725771704010491403e-01 -1.928250002745323932e-01 0.000000000000000000e+00 1.039262464509563388e+00
0.000000000000000000e+00 0.000000000000000000e+00 0.000000000000000000e+00 0.000000000000000000e+00 0.000000000000000000e+00 1.778584652526698173e+00 -1.518287610716224749e-02 -1.106407695240502198e-01 -1.023591592976593745e-01 2.287743363637617655e-02
3.309926487650463045e-01 1.664987941351373513e+00 0.000000000000000000e+00 0.000000000000000000e+00 0.000000000000000000e+00 5.728267013435643928e-01 5.863437193491916055e-02 -3.402743911357448969e-02 -4.027936387377761829e-02 1.204848658409849449e+00
1.874823953933180132e+00 1.197094701826658225e+00 0.000000000000000000e+00 1.860822550305616385e-01 0.000000000000000000e+00 0.000000000000000000e+00 1.794113454367141758e+00 9.895624387772905539e-01 -1.296697629031439147e-01 0.000000000000000000e+00
-1.296336454130619931e-01 0.000000000000000000e+00 -5.922191133072027963e-02 -3.791737275576052835e-02 8.496680035218231453e-01 -1.936250907323301684e-01 -1.416634847861750479e-01 -9.437679348449146133e-02 0.000000000000000000e+00 -1.557946151060127515e-01
