#Matriz 
-3.494625269602469331e-02 -5.571511360621664299e-02 1.140916869195624850e+00 0.000000000000000000e+00 0.000000000000000000e+00 0.000000000000000000e+00 0.000000000000000000e+00 -2.801734899936625389e-03 0.000000000000000000e+00 -2.812594201046103581e-02
1.282145360701026027e+00 -1.238536797043568588e-01 1.174636194476248452e-01 0.000000000000000000e+00 1.644480311779973336e+00 1.389672518174625671e+00 6.904190827978085032e-01 4.439420783129410797e-01 2.707782073150670765e-01 1.424710351233429151e+00
-1.855015465785188333e-01 -1.108884765009493373e-01 -1.477834999145601624e-01 9.370494585319191216e-01 0.000000000000000000e+00 -2.272992663911808237e-02 0.000000000000000000e+00 -1.939825946750501906e-01 -1.882018815738977224e-01 -1.167907800098965110e-01
0.000000000000000000e+00 0.000000000000000000e+00 -8.150225968440882873e-02 -1.291582990565238176e-01 0.000000000000000000e+00 -8.382787342697653465e-02 0.000000000000000000e+00 -6.193442863211289645e-02 0.000000000000000000e+00 0.000000000000000000e+00
0.000000000000000000e+00 -9.664733327279953490e-02 0.000000000000000000e+00 0.000000000000000000e+00 -4.985425858496657370e-02 0.000000000000000000e+00 0.000000000000000000e+00 -6.886434460156621445e-03 1.296052647190494511e+00 -8.943528969733589851e-02
0.000000000000000000e+00 -8.264009466862989872e-02 1.360628799440834147e+00 4.171974143906864718e-02 0.000000000000000000e+00 -1.475782663535860767e-02 0.000000000000000000e+00 0.000000000000000000e+00 1.731297062032540968e+00 0.000000000000000000e+00
0.000000000000000000e+00 -7.794166810782654498e-02 0.000000000000000000e+00 0.000000000000000000e+00 0.000000000000000000e+00 0.000000000000000000e+00 -1.984333325618710397e-02 -1.052172574301065699e-01 0.000000000000000000e+00 -1.696391608015650476e-01
1.283008440030339647e+00 -6.230911581829808032e-02 2.040989565189645916e-01 2.956799534292529064e-01 1.789164431738441197e+00 0.000000000000000000e+00 5.185870960777485550e-01 -1.580208298552376045e-01 1.255854751009924275e+00 0.000000000000000000e+00
0.000000000000000000e+00 -1.339930687911098928e-01 6.587703397505750846e-01 0.000000000000000000e+00 -5.282283971905561704e-02 -3.432487786923160006e-02 0.000000000000000000e+00 -4.160177154567417518e-02 -1.631303727588598040e-01 -3.265720978042496985e-03
1.906425131779828197e+00 -4.719599945923458328e-02 1.467948832007427207e+00 0.000000000000000000e+00 1.320510251507902577e+00 0.000000000000000000e+00 1.758888785866910665e+00 0.000000000000000000e+00 8.423450509246801499e-01 -8.620745284934312747e-02
