#Matriz 
-9.891190011082909295e-02 1.051799463583045657e+00 -1.103826724325350783e-01 0.000000000000000000e+00 0.000000000000000000e+00 0.000000000000000000e+00 0.000000000000000000e+00 0.000000000000000000e+00 1.066265159911955918e+00 3.509509534553414412e-01
-4.357911571449368804e-02 -1.517143126245306117e-01 0.000000000000000000e+00 0.000000000000000000e+00 -1.350167228422757826e-01 -1.508010512460390418e-01 -1.286697635018810570e-01 0.000000000000000000e+00 0.000000000000000000e+00 -7.931407784782079640e-02
4.139487147378173582e-01 0.000000000000000000e+00 -1.316699692472453054e-01 0.000000000000000000e+00 0.000000000000000000e+00 0.000000000000000000e+00 6.678794617365666486e-01 5.635337081038913620e-01 4.644025231420045863e-02 1.478829194031392014e+00
0.000000000000000000e+00 0.000000000000000000e+00 0.000000000000000000e+00 -1.266019643087723523e-01 0.000000000000000000e+00 0.000000000000000000e+00 0.000000000000000000e+00 0.000000000000000000e+00 1.644547513030731434e+00 9.493738514985516908e-02
0.000000000000000000e+00 4.400401368065800511e-01 0.000000000000000000e+00 0.000000000000000000e+00 -9.057541113226777463e-02 0.000000000000000000e+00 0.000000000000000000e+00 0.000000000000000000e+00 6.098635787877739745e-01 1.584866065287435122e+00
0.000000000000000000e+00 3.267080498548229350e-01 0.000000000000000000e+00 0.000000000000000000e+00 0.000000000000000000e+00 -3.627041933563093096e-02 1.163729957151212968e+00 1.746430237175806921e+00 6.459099381751671753e-01 4.221332934956500971e-01
0.000000000000000000e+00 7.960515116888788878e-01 -1.372130982946837552e-01 0.000000000000000000e+00 0.000000000000000000e+00 -1.622281391300105513e-01 -1.065311803923221223e-01 -8.161520889725858152e-02 1.611434829484457820e+00 7.107531838956915315e-02
0.000000000000000000e+00 0.000000000000000000e+00 -1.447065393875273942e-01 0.000000000000000000e+00 0.000000000000000000e+00 -2.483184487371399574e-02 1.367210373758085629e+00 -7.259879074241411268e-02 0.000000000000000000e+00 0.000000000000000000e+00
-1.405014100154132473e-01 0.000000000000000000e+00 -1.157525841747659157e-01 -2.132831241463031477e-02 -1.441395086943226267e-01 -1.485968520688004668e-01 -7.018133562642925316e-02 0.000000000000000000e+00 -1.711274696053750599e-01 0.000000000000000000e+00
-1.106778451485956327e-01 1.979150252288987000e+00 -1.330098558669901010e-01 -1.994449626341714132e-01 -9.645713687488391419e-02 -4.998626985358942815e-02 -1.911770067659628869e-01 0.000000000000000000e+00 0.000000000000000000e+00 -7.062432764923769202e-02
