#Matriz 
-8.584748664146941988e-02 -1.903173134213556605e-01 -1.172417706858553954e-01 0.000000000000000000e+00 0.000000000000000000e+00 0.000000000000000000e+00 0.000000000000000000e+00 -1.602681799137649354e-01 0.000000000000000000e+00 -1.785732443851732743e-01
7.111370079493151142e-01 -1.943553819275124495e-01 0.000000000000000000e+00 1.691935872234104909e+00 3.754205223489359700e-01 -1.979090394815187226e-01 0.000000000000000000e+00 0.000000000000000000e+00 0.000000000000000000e+00 1.437623195126935371e+00
1.591721599523356456e+00 0.000000000000000000e+00 -1.112297315997849562e-01 7.048243550804844659e-01 6.597067586219611535e-01 -4.356891155729128440e-02 5.501905444765609055e-01 0.000000000000000000e+00 0.000000000000000000e+00 8.393371156643310016e-01
0.000000000000000000e+00 -6.621433675400394125e-02 -1.252831282991586359e-01 -2.503686674514571560e-03 0.000000000000000000e+00 0.000000000000000000e+00 0.000000000000000000e+00 -1.274911953170491941e-01 0.000000000000000000e+00 -5.995532894279807096e-02
0.000000000000000000e+00 -1.894648300743385638e-01 -9.445219266892385113e-02 0.000000000000000000e+00 -4.061974452667052593e-02 0.000000000000000000e+00 -6.605538388567118446e-02 -6.280487225396394479e-02 -4.180914603810364366e-02 1.562009240580617186e+00
0.000000000000000000e+00 1.894809803477059962e-01 6.575104865179415281e-01 0.000000000000000000e+00 0.000000000000000000e+00 -1.089981641729245027e-01 0.000000000000000000e+00 1.213220455472564518e+00 4.660130464995269062e-01 0.000000000000000000e+00
0.000000000000000000e+00 0.000000000000000000e+00 -5.570757176603213789e-02 0.000000000000000000e+00 1.309950407658728722e-01 0.000000000000000000e+00 -5.008289226219884288e-02 0.000000000000000000e+00 -8.269088713756669873e-02 8.911298030867573772e-01
6.805811988076975183e-01 0.000000000000000000e+00 0.000000000000000000e+00 6.717492610962749744e-01 1.273610179488142258e+00 -1.071791332098458310e-01 0.000000000000000000e+00 -8.274413035966561580e-02 -1.013043376512603733e-01 7.405653203135420526e-02
0.000000000000000000e+00 0.000000000000000000e+00 0.000000000000000000e+00 0.000000000000000000e+00 9.237841899541552326e-01 -5.052294967334476639e-02 3.693227436272048525e-01 1.823211575466648249e+00 -6.090761248904366654e-02 1.746703408853498285e-01
1.795794483212684645e+00 -1.827537162083683331e-01 -3.305010362112572458e-02 3.235732768480752419e-01 -1.029520951624730563e-01 0.000000000000000000e+00 -7.657691395377540233e-02 -1.678554326879140302e-01 -3.921392167264745737e-02 -9.264881850368195115e-02
