#Matriz 
-3.861038733276633828e-02 1.699015571251360157e+00 7.665156421707572942e-01 5.062231953122373618e-01 -2.447621128869843787e-02 -1.738060406043049066e-01 0.000000000000000000e+00 1.812223622508375431e-01 0.000000000000000000e+00 0.000000000000000000e+00
-1.948543669469036677e-01 -7.443187216003857576e-02 0.000000000000000000e+00 0.000000000000000000e+00 0.000000000000000000e+00 0.000000000000000000e+00 -5.158282666559111003e-03 -2.842099434340535080e-02 -1.092059705252923091e-01 0.000000000000000000e+00
-1.858003982284427147e-01 0.000000000000000000e+00 -3.080290437933757078e-02 0.000000000000000000e+00 0.000000000000000000e+00 0.000000000000000000e+00 -1.815018047674025470e-01 -3.903544441472109328e-02 -1.434651756886616003e-01 0.000000000000000000e+00
-1.793542784140946533e-01 0.000000000000000000e+00 0.000000000000000000e+00 -1.984633497592711571e-01 0.000000000000000000e+00 0.000000000000000000e+00 -1.942687328279355807e-01 -1.223621711311895233e-01 -5.589957300041135252e-02 -1.931927684643640342e-01
8.959704859184360881e-01 0.000000000000000000e+00 0.000000000000000000e+00 0.000000000000000000e+00 -5.575651444515859062e-02 1.846497098074775245e+00 1.394937765772826133e+00 1.541453209493476972e+00 0.000000000000000000e+00 1.155942736564137263e-01
1.782372264541216556e+00 0.000000000000000000e+00 0.000000000000000000e+00 0.000000000000000000e+00 -1.281682040553889512e-01 -1.658814693008832386e-01 3.002023232242532202e-01 1.849616589116820364e-01 0.000000000000000000e+00 1.187324527174931088e+00
0.000000000000000000e+00 4.003124051129378635e-01 1.205921030017862439e+00 1.002143352685221700e+00 -1.637144115878249040e-01 -1.170113937982864977e-01 -1.706515603013925020e-02 0.000000000000000000e+00 0.000000000000000000e+00 0.000000000000000000e+00
-8.902243498958258006e-02 1.000753235229434823e+00 1.486184338853906439e-01 4.960896812112938203e-01 -1.986261141880412140e-01 -5.554114242312203041e-03 0.000000000000000000e+00 -1.110265419744003862e-01 0.000000000000000000e+00 0.000000000000000000e+00
0.000000000000000000e+00 1.481167007802812075e+00 3.061072316870918630e-01 8.812497901546685330e-01 0.000000000000000000e+00 0.000000000000000000e+00 0.000000000000000000e+00 0.000000000000000000e+00 -4.220264280175811678e-02 0.000000000000000000e+00
0.000000000000000000e+00 0.000000000000000000e+00 0.000000000000000000e+00 1.401288600695056674e+00 -1.799750578610157803e-01 -1.660250654783192448e-01 0.000000000000000000e+00 0.000000000000000000e+00 0.000000000000000000e+00 -1.489192597981834620e-01
