#Matriz 
-1.700666900514586632e-01 1.464525480570601390e+00 0.000000000000000000e+00 8.647680029096131982e-01 0.000000000000000000e+00 0.000000000000000000e+00 7.544705276733867372e-01 7.211152866847505560e-01 -1.543541404242734227e-01 0.000000000000000000e+00
-1.063703879271487018e-01 -5.868824467575655540e-02 -1.296684057309365201e-01 1.054795470588009154e+00 0.000000000000000000e+00 0.000000000000000000e+00 9.492771439263973932e-01 6.338985996774340048e-01 0.000000000000000000e+00 0.000000000000000000e+00
0.000000000000000000e+00 8.009011790791686902e-01 -1.414246808211926665e-01 8.490310470772974849e-01 1.451253941160044469e+00 1.980847660280119049e+00 1.003227463958659138e+00 1.568412559039042531e+00 -1.280714906268439479e-01 1.348904408745170924e+00
-1.975491950498830807e-01 -1.802985872506832621e-01 -1.792760921184960998e-01 -9.354891145319306489e-02 0.000000000000000000e+00 0.000000000000000000e+00 1.389568155540682026e+00 1.446865203456596527e+00 0.000000000000000000e+00 0.000000000000000000e+00
0.000000000000000000e+00 0.000000000000000000e+00 -1.779696060477349573e-01 0.000000000000000000e+00 -1.861523490421611859e-01 0.000000000000000000e+00 9.515325781658856563e-02 0.000000000000000000e+00 -1.196115425454929992e-01 0.000000000000000000e+00
0.000000000000000000e+00 0.000000000000000000e+00 -5.773232274652715518e-02 0.000000000000000000e+00 0.000000000000000000e+00 -1.471709928857864447e-01 0.000000000000000000e+00 0.000000000000000000e+00 -1.158729471699176394e-01 0.000000000000000000e+00
-7.902975389283500851e-02 -1.352870156230409071e-01 -1.111649790232603491e-01 -1.865475230590889766e-01 -1.316357332873672320e-02 0.000000000000000000e+00 -4.563789784321579251e-02 -1.439628184711105596e-01 0.000000000000000000e+00 0.000000000000000000e+00
-1.079768691900174354e-01 -3.914431130813487286e-02 -6.224142355086064587e-02 -4.558225101482582704e-03 0.000000000000000000e+00 0.000000000000000000e+00 1.075105095448884995e-01 -1.623131018777662082e-01 0.000000000000000000e+00 0.000000000000000000e+00
1.325250844333436540e-02 0.000000000000000000e+00 1.513459200867442789e+00 0.000000000000000000e+00 1.674616159896963774e+00 5.791900832744729666e-01 0.000000000000000000e+00 0.000000000000000000e+00 -1.851156217524065617e-01 6.607205151077697458e-01
0.000000000000000000e+00 0.000000000000000000e+00 -1.443041138193075223e-01 0.000000000000000000e+00 0.000000000000000000e+00 0.000000000000000000e+00 0.000000000000000000e+00 0.000000000000000000e+00 -1.032475673091443613e-01 -3.345187198750858987e-02
