#Matriz 
-1.409978470490717561e-01 1.384144869700505875e+00 -1.264420778022874725e-01 1.972218100082805403e-01 0.000000000000000000e+00 0.000000000000000000e+00 -1.141815700042919240e-01 1.869967254779848487e+00 1.989182425020557421e+00 0.000000000000000000e+00
-1.016333190485449178e-01 -1.417116743941735924e-01 -3.071741136302388528e-02 -3.019278426733680576e-02 0.000000000000000000e+00 0.000000000000000000e+00 -5.001849014663009574e-02 0.000000000000000000e+00 0.000000000000000000e+00 0.000000000000000000e+00
7.840231699534974119e-01 2.669700247813511229e-01 -9.801329852014512012e-02 4.500463828406817690e-01 0.000000000000000000e+00 0.000000000000000000e+00 -1.402825573568941830e-01 1.533136518062010900e+00 1.204056274455068243e+00 0.000000000000000000e+00
-4.877236566732961326e-02 1.801353580037327706e+00 -1.453096314627092267e-01 -1.423698379896851662e-01 0.000000000000000000e+00 0.000000000000000000e+00 -4.697025204235130702e-02 2.297680073243442145e-01 3.693769590538755754e-01 0.000000000000000000e+00
0.000000000000000000e+00 0.000000000000000000e+00 0.000000000000000000e+00 0.000000000000000000e+00 -1.051215221532826871e-01 0.000000000000000000e+00 -1.446233189303831705e-02 0.000000000000000000e+00 0.000000000000000000e+00 0.000000000000000000e+00
0.000000000000000000e+00 0.000000000000000000e+00 0.000000000000000000e+00 0.000000000000000000e+00 0.000000000000000000e+00 -1.337592178426565484e-02 0.000000000000000000e+00 -1.567928164737617674e-02 0.000000000000000000e+00 -1.726802920077628173e-02
1.930764934418034651e+00 1.558501282736554305e+00 1.660959414004876677e-01 1.302043893995832313e+00 3.534207207398942785e-02 0.000000000000000000e+00 -1.909799350397358431e-01 4.730246688039394520e-01 7.342221511376265664e-01 0.000000000000000000e+00
-9.400769504998664206e-03 0.000000000000000000e+00 -7.184816125480275595e-02 -3.198106949704850738e-02 0.000000000000000000e+00 1.149907563869260185e+00 -1.015971259663429882e-01 -1.890087415347501687e-01 0.000000000000000000e+00 6.102302996651376432e-02
-8.237671699759357979e-02 0.000000000000000000e+00 -1.552972028514815195e-01 -1.829732013243674515e-01 0.000000000000000000e+00 0.000000000000000000e+00 -1.739607028400583788e-01 0.000000000000000000e+00 -9.984188553180078918e-02 0.000000000000000000e+00
0.000000000000000000e+00 0.000000000000000000e+00 0.000000000000000000e+00 0.000000000000000000e+00 0.000000000000000000e+00 3.815508158549865136e-01 0.000000000000000000e+00 -1.002732462260835233e-01 0.000000000000000000e+00 -1.706032023458847746e-01
