#Matriz 
-8.882533952356946871e-02 0.000000000000000000e+00 -1.490236086663396242e-01 -9.115053019570520942e-02 -2.202733132763972160e-02 0.000000000000000000e+00 -1.894248322472776580e-01 0.000000000000000000e+00 6.844141505824710148e-01 1.846418912759469455e+00
0.000000000000000000e+00 -1.962292768749427097e-01 -1.809553555961092020e-01 -1.139421236180167274e-01 0.000000000000000000e+00 0.000000000000000000e+00 -1.533686112238383803e-01 0.000000000000000000e+00 0.000000000000000000e+00 0.000000000000000000e+00
6.330366526546526984e-02 1.310922455741292403e-02 -9.080076168323825136e-02 1.278186324876577018e+00 4.542085302589655704e-01 1.978928575708582827e-03 2.559201271522226762e-01 8.690330640186374467e-01 0.000000000000000000e+00 0.000000000000000000e+00
1.259809100479870825e+00 5.804507360412785033e-01 -9.129487548714761147e-02 -6.772892502742089427e-02 0.000000000000000000e+00 1.779001355626965264e+00 -1.832029345229744810e-01 0.000000000000000000e+00 8.648985436143219463e-01 1.897584766509234466e+00
9.138005488518219366e-01 0.000000000000000000e+00 -1.109085682622344832e-01 0.000000000000000000e+00 -1.734216671832488621e-01 6.994897834481721421e-01 0.000000000000000000e+00 0.000000000000000000e+00 0.000000000000000000e+00 0.000000000000000000e+00
0.000000000000000000e+00 0.000000000000000000e+00 -5.989492820132327755e-02 -2.465528976126321256e-02 -1.845085834633306554e-01 -1.320080027934785460e-01 -1.834536000417312795e-01 0.000000000000000000e+00 0.000000000000000000e+00 0.000000000000000000e+00
1.854008196871247627e+00 1.857981021232442131e-01 -1.026560921508594126e-01 1.472162328037907253e+00 0.000000000000000000e+00 9.347296724511586774e-01 -1.252911899880853885e-01 1.032484391894525233e+00 0.000000000000000000e+00 0.000000000000000000e+00
0.000000000000000000e+00 0.000000000000000000e+00 -6.604654040842516949e-02 0.000000000000000000e+00 0.000000000000000000e+00 0.000000000000000000e+00 -1.054001044022938663e-02 -9.982079213054886879e-02 1.994335065375663962e+00 1.698351429274773894e+00
-1.099904237616000924e-01 0.000000000000000000e+00 0.000000000000000000e+00 -4.968165725073210581e-02 0.000000000000000000e+00 0.000000000000000000e+00 0.000000000000000000e+00 -1.504600198699402591e-01 -9.678660227056826160e-02 -1.673901715215083408e-01
-1.538377367315598709e-01 0.000000000000000000e+00 0.000000000000000000e+00 -5.820114113969850067e-02 0.000000000000000000e+00 0.000000000000000000e+00 0.000000000000000000e+00 -1.861020561202881562e-01 1.549873142796562853e+00 -1.501818528999917524e-01
