#Matriz 
-1.702988747081951859e-01 0.000000000000000000e+00 5.014303695018165197e-01 0.000000000000000000e+00 -1.917349808515286247e-01 9.810581286987414273e-01 8.796642526914377758e-01 4.073743936690250589e-01 0.000000000000000000e+00 1.602510377627137883e+00
0.000000000000000000e+00 -1.213291047114874177e-01 0.000000000000000000e+00 -1.585014387236530209e-01 0.000000000000000000e+00 -1.650261682607691016e-01 -4.095860948860084033e-02 0.000000000000000000e+00 0.000000000000000000e+00 0.000000000000000000e+00
-1.080130145769072070e-01 0.000000000000000000e+00 -3.540398104909652649e-02 0.000000000000000000e+00 -1.398191353245568369e-01 6.517424831193849855e-01 0.000000000000000000e+00 1.451482942597943859e+00 0.000000000000000000e+00 1.265753997817149257e+00
0.000000000000000000e+00 1.855854776740311074e+00 0.000000000000000000e+00 -4.424692043872489183e-02 0.000000000000000000e+00 8.724962035895769130e-01 1.062302912072750072e-01 1.433588137169692356e+00 0.000000000000000000e+00 9.508850729363049759e-01
4.570353842542032030e-01 0.000000000000000000e+00 1.677266925364419015e+00 0.000000000000000000e+00 -1.132776178325722444e-01 6.934460395656534271e-01 4.213547924708760384e-02 1.832481511880667435e+00 0.000000000000000000e+00 1.170754166442800948e+00
-9.948423363452683910e-02 4.503214207836254701e-01 -1.083390308042731925e-01 -1.154125638527844083e-01 -1.627804559919962257e-01 -5.040053458125377805e-02 -1.608783049617345251e-01 -1.137012176477588538e-01 0.000000000000000000e+00 -6.208141676899434774e-02
-1.554436834904778519e-01 1.620823223729916940e+00 0.000000000000000000e+00 -1.954804475102725758e-01 -9.882114523372093062e-02 1.605195514037956350e+00 -9.575967568337553915e-02 4.856343527835889073e-01 -1.946106993407339947e-01 1.960301943917145628e+00
-8.842280357158736892e-02 0.000000000000000000e+00 -9.074526984648462191e-02 -1.179767921423480054e-01 -1.087987609316405473e-02 7.367124430702893800e-01 -2.800465340138887094e-02 -1.717277358438705215e-01 0.000000000000000000e+00 1.713827411853891425e+00
0.000000000000000000e+00 0.000000000000000000e+00 0.000000000000000000e+00 0.000000000000000000e+00 0.000000000000000000e+00 0.000000000000000000e+00 1.153872196829366148e+00 0.000000000000000000e+00 -1.672249128101159221e-01 0.000000000000000000e+00
-4.132156876424557951e-02 0.000000000000000000e+00 -1.216418318080540600e-01 -1.419629110254309878e-01 -1.180610273575731783e-01 1.406725240084892636e+00 -2.644283656026116466e-02 -1.178507538968824458e-01 0.000000000000000000e+00 -1.120392649286931497e-01
