#Matriz 
-1.101278634142427437e-01 2.172909209293574229e-01 1.413206309236499481e+00 0.000000000000000000e+00 0.000000000000000000e+00 1.981039850920554457e+00 0.000000000000000000e+00 3.985423289717278106e-01 1.974376341270281277e+00 6.953197943075752896e-01
-1.612772411133394090e-01 -8.052797290683458287e-02 0.000000000000000000e+00 0.000000000000000000e+00 0.000000000000000000e+00 -1.692657193969161755e-01 0.000000000000000000e+00 0.000000000000000000e+00 -6.076364310778319816e-02 -1.741789366910130310e-01
-7.639966659057353948e-02 0.000000000000000000e+00 -1.254610776177541298e-01 0.000000000000000000e+00 0.000000000000000000e+00 -8.212692005904594084e-02 0.000000000000000000e+00 0.000000000000000000e+00 -1.736885765911934387e-01 -6.052537615755156086e-02
0.000000000000000000e+00 0.000000000000000000e+00 0.000000000000000000e+00 -6.816643399640130718e-02 4.573394756965059038e-01 0.000000000000000000e+00 -8.589653094707615233e-02 -4.526172149938352540e-02 -1.978200780387714963e-01 0.000000000000000000e+00
0.000000000000000000e+00 0.000000000000000000e+00 0.000000000000000000e+00 -1.899616976280398828e-01 -1.879640409528683664e-01 0.000000000000000000e+00 0.000000000000000000e+00 0.000000000000000000e+00 -1.526519216370842980e-01 0.000000000000000000e+00
-1.526086052956579786e-01 1.505005706307929847e+00 7.636763824358694386e-02 0.000000000000000000e+00 0.000000000000000000e+00 -1.090631574272996202e-01 0.000000000000000000e+00 5.890976324174348466e-01 1.042721438283567004e-02 3.020647656234254352e-01
0.000000000000000000e+00 0.000000000000000000e+00 0.000000000000000000e+00 9.076017571878791657e-01 0.000000000000000000e+00 0.000000000000000000e+00 -1.703015380238541709e-01 -1.185674376505155697e-01 -2.983726112169720127e-02 0.000000000000000000e+00
-1.379600744436388360e-01 0.000000000000000000e+00 0.000000000000000000e+00 1.535174949684976475e+00 0.000000000000000000e+00 -4.857464652936647337e-02 1.801995621893321964e+00 -1.635090933911779454e-01 0.000000000000000000e+00 0.000000000000000000e+00
-1.251358081330746219e-01 4.696361253700938043e-01 1.330071201995054464e+00 4.453134111277765594e-01 5.666017479285463398e-01 -1.929409268090278781e-02 8.604208989463324464e-02 0.000000000000000000e+00 -1.314477347425768716e-02 0.000000000000000000e+00
-1.826434208727765462e-01 1.562996381315493233e+00 9.379038173162554948e-01 0.000000000000000000e+00 0.000000000000000000e+00 -1.352324368839512847e-01 0.000000000000000000e+00 0.000000000000000000e+00 0.000000000000000000e+00 -1.327029750126668961e-01
