#Matriz 
-1.577510242984593303e-01 -1.128658426073420595e-01 -5.888955683929673196e-02 0.000000000000000000e+00 -7.586810881688484109e-02 0.000000000000000000e+00 0.000000000000000000e+00 0.000000000000000000e+00 -1.610796735116200584e-01 -2.122563222898619234e-02
5.787937950061399217e-01 -1.685936688193433730e-01 -1.770374353173239379e-01 5.128167573503872312e-02 0.000000000000000000e+00 0.000000000000000000e+00 0.000000000000000000e+00 0.000000000000000000e+00 9.567658373388572279e-01 0.000000000000000000e+00
1.201765217737372771e+00 1.964140597460138471e+00 -2.820746050292744205e-03 0.000000000000000000e+00 1.927646147385395192e+00 5.581151556928785062e-01 1.937994419112468725e+00 0.000000000000000000e+00 1.140066178563478916e+00 0.000000000000000000e+00
0.000000000000000000e+00 -3.601332419390151224e-02 0.000000000000000000e+00 -2.609842723965436623e-02 -1.363655957739444702e-01 0.000000000000000000e+00 0.000000000000000000e+00 1.669246316171435485e-01 -8.896265921261972687e-02 -2.358487889541876006e-02
2.524196730994041626e-01 0.000000000000000000e+00 -7.604295216675482916e-02 4.876661894880167658e-01 -1.470092970514813302e-01 0.000000000000000000e+00 0.000000000000000000e+00 1.464504417184690155e+00 1.940148679214119598e+00 -2.243018690308367161e-02
0.000000000000000000e+00 0.000000000000000000e+00 -3.072594029502893204e-02 0.000000000000000000e+00 0.000000000000000000e+00 -1.170645411191950092e-01 0.000000000000000000e+00 0.000000000000000000e+00 0.000000000000000000e+00 0.000000000000000000e+00
0.000000000000000000e+00 0.000000000000000000e+00 -1.000359853592633352e-01 0.000000000000000000e+00 0.000000000000000000e+00 0.000000000000000000e+00 -9.962865507069407212e-02 0.000000000000000000e+00 3.375601720508825121e-01 0.000000000000000000e+00
0.000000000000000000e+00 0.000000000000000000e+00 0.000000000000000000e+00 -4.975070217955506607e-02 -4.355660544853543620e-02 0.000000000000000000e+00 0.000000000000000000e+00 -6.066550157371933261e-02 0.000000000000000000e+00 -1.034066189390826090e-01
1.928541774187074953e+00 -2.338596656087106596e-02 -1.426688483318881429e-01 1.697917063559926110e-01 -1.566247264734859646e-01 0.000000000000000000e+00 -5.690532267627208818e-02 0.000000000000000000e+00 -9.768782992265218068e-02 -1.948455766632364028e-01
1.207487709167022416e+00 0.000000000000000000e+00 0.000000000000000000e+00 7.837624099060014338e-02 8.927304787831542576e-01 0.000000000000000000e+00 0.000000000000000000e+00 2.787840315841172423e-01 2.114116696997399014e-01 -6.137645740212900602e-02
