#Matriz 
-1.410371754670484423e-01 7.367348880545827594e-01 -9.632842792259295461e-02 0.000000000000000000e+00 0.000000000000000000e+00 1.734305689319015631e+00 0.000000000000000000e+00 -1.424741012987948696e-01 1.910428158614448035e+00 1.806029366343365750e+00
-6.339729417795829380e-02 -8.962848012011033483e-02 -4.943274441342147135e-02 0.000000000000000000e+00 0.000000000000000000e+00 0.000000000000000000e+00 0.000000000000000000e+00 -1.262002471308749374e-01 1.886125468104401293e+00 0.000000000000000000e+00
1.457561294786717809e-01 7.569543368265858607e-01 -1.635698139617467461e-01 1.728254070943522125e+00 1.338762049823573497e+00 4.235863592509336861e-02 1.264272913887118710e+00 1.543992741536442947e+00 1.361437159002505837e+00 1.002769446818116528e+00
0.000000000000000000e+00 0.000000000000000000e+00 -1.274764093631524930e-01 -1.356234154149361104e-01 0.000000000000000000e+00 0.000000000000000000e+00 0.000000000000000000e+00 -1.325064751082070946e-01 3.719333108918025932e-01 0.000000000000000000e+00
0.000000000000000000e+00 0.000000000000000000e+00 -5.498267335850859361e-02 0.000000000000000000e+00 -7.200836861287265855e-02 0.000000000000000000e+00 1.408907267360721471e+00 -1.383154138578679693e-01 0.000000000000000000e+00 0.000000000000000000e+00
-9.342813611540977392e-02 0.000000000000000000e+00 -7.355084488092274164e-02 0.000000000000000000e+00 0.000000000000000000e+00 -1.446495788891689338e-01 -1.589774366119687254e-01 0.000000000000000000e+00 0.000000000000000000e+00 0.000000000000000000e+00
0.000000000000000000e+00 0.000000000000000000e+00 -1.589543383548834843e-01 0.000000000000000000e+00 -4.995876503249126188e-02 1.107871471099104888e+00 -8.518587385760592601e-02 -4.236033357476243211e-02 1.573482009767668499e+00 0.000000000000000000e+00
1.508977776643276147e+00 1.720122684244190792e+00 -1.476086044979268430e-01 3.321537598234183264e-01 7.008561576093521595e-01 0.000000000000000000e+00 1.666281463476768421e+00 -1.585831807800469062e-01 0.000000000000000000e+00 0.000000000000000000e+00
-4.005812257799823417e-02 -5.858389806606123518e-02 -9.610105723639728037e-02 -1.389650096374117627e-01 0.000000000000000000e+00 0.000000000000000000e+00 -3.694819133117859672e-02 0.000000000000000000e+00 -8.219100778597653034e-02 1.826873870871062788e+00
-1.295022953523009002e-01 0.000000000000000000e+00 -1.122438310544944529e-01 0.000000000000000000e+00 0.000000000000000000e+00 0.000000000000000000e+00 0.000000000000000000e+00 0.000000000000000000e+00 -7.573901046157893724e-02 -1.421851152882952773e-01
