#Matriz 
-1.978969278131668952e-01 0.000000000000000000e+00 -1.255519774072315908e-01 -1.503627823791364171e-01 2.361280896567410359e-01 0.000000000000000000e+00 0.000000000000000000e+00 0.000000000000000000e+00 0.000000000000000000e+00 -5.442685851062381563e-02
0.000000000000000000e+00 -1.381800950869941091e-01 -1.077864952967384493e-01 0.000000000000000000e+00 0.000000000000000000e+00 0.000000000000000000e+00 -1.685607631974467002e-01 0.000000000000000000e+00 0.000000000000000000e+00 -1.478449706175486156e-01
1.477568492429083502e+00 8.341930215256785353e-01 -1.917450695466663413e-01 9.304587721280501711e-01 1.849172969985568127e+00 1.540813219767602771e-01 0.000000000000000000e+00 3.652445458190012317e-02 5.751619616880647712e-01 0.000000000000000000e+00
1.920648699604682319e+00 0.000000000000000000e+00 -1.545941350693888217e-01 -8.767428450381327398e-02 4.490990457711063755e-02 1.245056105347014830e+00 0.000000000000000000e+00 8.860220216434784302e-01 1.076770712073900071e-01 0.000000000000000000e+00
-3.218703679765948927e-02 0.000000000000000000e+00 -1.821675223300942836e-01 -5.545877344872443548e-02 -1.585036929385832613e-02 8.030620795495531095e-01 0.000000000000000000e+00 0.000000000000000000e+00 0.000000000000000000e+00 -1.812766404086452177e-02
0.000000000000000000e+00 0.000000000000000000e+00 -1.908000498431634273e-01 -1.443842713903390196e-01 -1.906931732055631157e-01 -1.050510595972339867e-01 0.000000000000000000e+00 0.000000000000000000e+00 0.000000000000000000e+00 -9.709874222526267140e-02
0.000000000000000000e+00 1.339036653934553289e-01 0.000000000000000000e+00 0.000000000000000000e+00 0.000000000000000000e+00 0.000000000000000000e+00 -1.547417707905810180e-01 0.000000000000000000e+00 0.000000000000000000e+00 0.000000000000000000e+00
0.000000000000000000e+00 0.000000000000000000e+00 -6.671461338097509075e-02 -1.743759213481059778e-01 0.000000000000000000e+00 0.000000000000000000e+00 0.000000000000000000e+00 -1.732018170730255657e-01 1.813225566559790503e+00 -9.835607274197638583e-02
0.000000000000000000e+00 0.000000000000000000e+00 -1.389882776091271865e-01 -3.342167079512923383e-02 0.000000000000000000e+00 0.000000000000000000e+00 0.000000000000000000e+00 -1.688768554146152512e-01 -1.389100393337552308e-01 -8.795255267590729176e-04
1.320851877136027586e+00 5.843324949918418110e-01 0.000000000000000000e+00 0.000000000000000000e+00 3.485577064603628816e-01 1.540452558152518803e+00 0.000000000000000000e+00 1.124785219488750876e-01 2.934470223377454445e-01 -1.036626876470430059e-01
