#Matriz 
-2.028093538162323295e-02 4.000546319413715857e-01 7.874183800358860452e-01 -5.182023448077808375e-02 1.479038191024073301e+00 0.000000000000000000e+00 0.000000000000000000e+00 1.496201715186856962e+00 1.906983745856549506e+00 1.264914738793118776e+00
-2.928729028630863360e-02 -8.812667013997317611e-02 0.000000000000000000e+00 0.000000000000000000e+00 8.174734060702948391e-01 -1.759163029249990740e-01 0.000000000000000000e+00 0.000000000000000000e+00 8.727888984891252200e-02 4.033377086712344184e-01
-1.458349045029767588e-01 0.000000000000000000e+00 -7.305997034300136528e-02 0.000000000000000000e+00 -1.774276675725227070e-01 -6.962957473487894899e-02 0.000000000000000000e+00 0.000000000000000000e+00 0.000000000000000000e+00 -1.789593256605157556e-01
1.416047290756825117e+00 0.000000000000000000e+00 0.000000000000000000e+00 -4.620642271007535662e-02 4.751242722477679870e-01 4.112011155299959420e-01 3.329838064524519581e-01 0.000000000000000000e+00 0.000000000000000000e+00 8.452268819990260695e-02
-9.734375602003819683e-02 -1.521905038322176884e-01 5.698267908069520882e-01 -1.821431501782549978e-01 -1.340965099426563722e-01 -1.996342515453315425e-01 0.000000000000000000e+00 4.749209260548035161e-01 3.039940113806161026e-01 0.000000000000000000e+00
0.000000000000000000e+00 9.074340382594969778e-01 1.115452991260750704e+00 -3.906327602251025329e-03 1.368951443282694802e+00 -1.057087941142113990e-01 0.000000000000000000e+00 1.244562728274515973e+00 7.249317463948166118e-01 1.279347380745688989e+00
0.000000000000000000e+00 0.000000000000000000e+00 0.000000000000000000e+00 -1.425825203387262874e-01 0.000000000000000000e+00 0.000000000000000000e+00 -1.053861594881638636e-01 0.000000000000000000e+00 0.000000000000000000e+00 0.000000000000000000e+00
-1.070586437023328535e-01 0.000000000000000000e+00 0.000000000000000000e+00 0.000000000000000000e+00 -8.577716346314323776e-04 -3.163864451487288093e-02 0.000000000000000000e+00 -2.688053021351124658e-02 0.000000000000000000e+00 -8.612295455144945711e-02
-9.491142937666292856e-02 -1.365221385289524525e-01 0.000000000000000000e+00 0.000000000000000000e+00 -1.304270503237174028e-01 -1.981819427365800745e-01 0.000000000000000000e+00 0.000000000000000000e+00 -4.774621910073493375e-02 0.000000000000000000e+00
-1.040234790140418114e-01 -1.117039235682307646e-01 1.922277659350221324e+00 -9.888415932676695996e-02 0.000000000000000000e+00 -1.482629830180305919e-01 0.000000000000000000e+00 1.105582323907579045e+00 0.000000000000000000e+00 -1.035286004815636623e-02
