#Matriz 
-1.629039636110819478e-01 0.000000000000000000e+00 0.000000000000000000e+00 0.000000000000000000e+00 -1.578838300367566838e-01 0.000000000000000000e+00 0.000000000000000000e+00 0.000000000000000000e+00 0.000000000000000000e+00 -1.565446996710736227e-01
0.000000000000000000e+00 -1.374285246313563802e-01 6.673306297117687080e-02 0.000000000000000000e+00 -1.688701352758988361e-01 0.000000000000000000e+00 0.000000000000000000e+00 -1.261217207224847418e-02 -2.858658656191191000e-02 -7.424636960311239986e-02
0.000000000000000000e+00 -3.380484546128550288e-02 -6.956815148459309650e-02 0.000000000000000000e+00 -1.775513250862235104e-01 0.000000000000000000e+00 0.000000000000000000e+00 -6.855929323708301326e-02 -4.880266678150693704e-02 0.000000000000000000e+00
0.000000000000000000e+00 0.000000000000000000e+00 0.000000000000000000e+00 -5.406105074434348901e-02 0.000000000000000000e+00 1.159320492623532761e+00 0.000000000000000000e+00 0.000000000000000000e+00 0.000000000000000000e+00 -4.549494133695489162e-02
1.952881902275202419e+00 1.147608094282013269e+00 5.847953153350851085e-01 0.000000000000000000e+00 -8.091194332047886573e-02 0.000000000000000000e+00 1.349309304659705555e+00 0.000000000000000000e+00 1.863243924857740819e+00 -1.617130257820839079e-01
0.000000000000000000e+00 0.000000000000000000e+00 0.000000000000000000e+00 -1.045508092197934280e-01 0.000000000000000000e+00 -1.528879006692603626e-01 -1.581328934359921279e-01 -1.506534944381130448e-01 0.000000000000000000e+00 0.000000000000000000e+00
0.000000000000000000e+00 0.000000000000000000e+00 0.000000000000000000e+00 0.000000000000000000e+00 -5.955414050501939283e-02 1.391403449641797962e+00 -4.906142643456419539e-02 -1.896172340794455013e-01 -4.860648994112975324e-02 -1.456740829041631158e-01
0.000000000000000000e+00 1.786804471574984454e+00 5.550905233205707390e-01 0.000000000000000000e+00 0.000000000000000000e+00 8.335736360853820415e-01 1.823428491702905108e+00 -8.412376528109961893e-02 9.625767983834443431e-01 -7.552827595040589870e-02
0.000000000000000000e+00 2.286024097510037656e-01 9.672253750523074345e-01 0.000000000000000000e+00 -1.399460741501310779e-01 0.000000000000000000e+00 8.802814177592170886e-01 -9.651622730828167407e-02 -6.511866730331401787e-02 0.000000000000000000e+00
1.838436857142871750e+00 1.963707198372354634e+00 0.000000000000000000e+00 4.794996744809647549e-01 2.326801063322987417e-01 0.000000000000000000e+00 6.465272297873581042e-01 3.509420830098997079e-02 0.000000000000000000e+00 -1.421102608152585711e-01
