#Matriz 
-1.921213256587525064e-01 -6.865763311678892145e-02 0.000000000000000000e+00 -3.820104883892370268e-02 0.000000000000000000e+00 0.000000000000000000e+00 0.000000000000000000e+00 0.000000000000000000e+00 0.000000000000000000e+00 -8.225738401132756672e-02
1.720049335354647324e+00 -1.833307269788033156e-01 6.901398033961301248e-01 0.000000000000000000e+00 -3.226333454214698471e-02 -6.546028016629197588e-02 2.008711429070524357e-01 1.364692132655117573e+00 0.000000000000000000e+00 -6.657729846939408613e-02
0.000000000000000000e+00 -4.565509592262473153e-03 -2.139697647563061633e-02 -6.091269651444795180e-02 0.000000000000000000e+00 0.000000000000000000e+00 0.000000000000000000e+00 0.000000000000000000e+00 0.000000000000000000e+00 -1.275127255761016876e-01
9.995787097591550818e-01 0.000000000000000000e+00 1.294570476340078269e+00 -1.147321618288127953e-01 -3.022042907189117708e-02 0.000000000000000000e+00 1.559716165907047980e+00 4.483836284529665317e-01 0.000000000000000000e+00 -1.426329428564738766e-01
0.000000000000000000e+00 1.604512851535879747e-01 0.000000000000000000e+00 1.021104054990169985e+00 -8.737530723141062605e-02 1.352540055750720116e+00 0.000000000000000000e+00 0.000000000000000000e+00 3.822788154482497092e-01 4.400355932631323519e-01
0.000000000000000000e+00 1.962494570588636744e+00 0.000000000000000000e+00 0.000000000000000000e+00 -3.217590282354301084e-02 -1.026792558755617590e-01 0.000000000000000000e+00 0.000000000000000000e+00 6.044363898846951688e-01 2.924702965814596212e-01
0.000000000000000000e+00 -2.179372984173262584e-02 0.000000000000000000e+00 -5.816058256996821385e-02 0.000000000000000000e+00 0.000000000000000000e+00 -1.038142760025913963e-01 0.000000000000000000e+00 0.000000000000000000e+00 -9.819813061493667949e-02
0.000000000000000000e+00 -1.659615918894541539e-03 0.000000000000000000e+00 -4.125142964618151720e-02 0.000000000000000000e+00 0.000000000000000000e+00 0.000000000000000000e+00 -1.287195052508136039e-01 0.000000000000000000e+00 -1.159285621824881068e-01
0.000000000000000000e+00 0.000000000000000000e+00 0.000000000000000000e+00 0.000000000000000000e+00 -9.221718523843008830e-02 -1.581237013743184705e-01 0.000000000000000000e+00 0.000000000000000000e+00 -3.722181743866248733e-03 -1.785750296715749030e-01
1.504726703903928486e+00 5.341171957514032620e-01 7.521852682191219053e-01 2.949815280030563258e-01 -4.502099810403375341e-02 -1.275413466867831858e-01 7.131041582122261691e-01 1.861398411912699835e+00 4.106068619083926841e-01 -1.479245331103219985e-01
