#Matriz 
-2.787857360585104319e-02 -1.855336466381437566e-01 0.000000000000000000e+00 0.000000000000000000e+00 0.000000000000000000e+00 -1.692953848766416414e-01 0.000000000000000000e+00 -1.065910282514365426e-01 -1.254962715858218558e-01 0.000000000000000000e+00
7.273717648529693935e-01 -6.589371121687373489e-02 2.371810147419672887e-01 1.816716703865851601e+00 1.848494879725852691e+00 0.000000000000000000e+00 1.484375249646137096e+00 1.541349508240841493e+00 4.266803551278481876e-01 1.321483918345671915e+00
0.000000000000000000e+00 -1.741743455250715014e-02 -2.499084017297215250e-03 0.000000000000000000e+00 1.023589536859785376e+00 0.000000000000000000e+00 7.396592463617064350e-01 0.000000000000000000e+00 7.935170538704161558e-01 1.088682408562882564e+00
0.000000000000000000e+00 -1.664617050481003238e-02 0.000000000000000000e+00 -3.644002331141121126e-02 1.228213192117562969e+00 0.000000000000000000e+00 0.000000000000000000e+00 0.000000000000000000e+00 1.544545071097412237e+00 0.000000000000000000e+00
0.000000000000000000e+00 -1.873774243083208835e-01 -9.985428500065972324e-02 -6.900992719309418343e-03 -1.899645006765464106e-01 -3.170779564473824759e-03 -9.008849490374702673e-02 0.000000000000000000e+00 0.000000000000000000e+00 0.000000000000000000e+00
1.762786145667056603e+00 0.000000000000000000e+00 0.000000000000000000e+00 0.000000000000000000e+00 1.724405917180398928e+00 -6.152180267372560352e-02 0.000000000000000000e+00 0.000000000000000000e+00 9.076852216871453827e-01 9.453490881713146887e-01
0.000000000000000000e+00 -1.092245602681246458e-01 -1.481717794177081771e-01 0.000000000000000000e+00 2.378729527644893871e-01 0.000000000000000000e+00 -1.325221606061425805e-01 0.000000000000000000e+00 2.856655672752042019e-01 0.000000000000000000e+00
4.627472814781965482e-01 -6.320166285233601300e-02 0.000000000000000000e+00 0.000000000000000000e+00 0.000000000000000000e+00 0.000000000000000000e+00 0.000000000000000000e+00 -1.629813659342190246e-01 0.000000000000000000e+00 2.736751374427703887e-01
1.994375404588417888e+00 -1.491565300246991133e-01 -1.776664975248944400e-01 -1.759146039695486108e-01 0.000000000000000000e+00 -5.721843590615716124e-02 -1.676108856340037187e-02 0.000000000000000000e+00 -1.033406190156108545e-01 0.000000000000000000e+00
0.000000000000000000e+00 -8.136023766968009108e-02 -1.879671198015750722e-01 0.000000000000000000e+00 0.000000000000000000e+00 -1.613936560392077169e-01 0.000000000000000000e+00 -4.016431671146197119e-02 0.000000000000000000e+00 -1.204184504665850169e-01
