#Matriz 
-1.466763697975547731e-01 7.429893132889155982e-01 0.000000000000000000e+00 -9.100613853885325399e-02 0.000000000000000000e+00 1.828298541309509195e+00 0.000000000000000000e+00 -8.578446514691284719e-02 -1.012589345494454146e-01 -7.090823220829049756e-02
-1.302754258668263609e-01 -6.165795082836856254e-03 0.000000000000000000e+00 -1.228747233627059121e-01 -8.663033066994740850e-02 0.000000000000000000e+00 0.000000000000000000e+00 -4.872068374668432622e-02 -6.831285147875419683e-02 -1.418427389897840285e-01
0.000000000000000000e+00 0.000000000000000000e+00 -1.794005483707054038e-01 -1.588841046529315404e-01 1.900441360493575038e+00 0.000000000000000000e+00 5.193373748537652990e-01 1.316568921312796014e+00 0.000000000000000000e+00 0.000000000000000000e+00
2.099788682654153416e-01 1.307254207892101672e+00 1.564572481946111537e+00 -1.602591617435596694e-01 5.003263381923270803e-01 1.289773844733364427e+00 1.495097585879835878e+00 4.988688130320586556e-01 1.743895352606178895e+00 0.000000000000000000e+00
0.000000000000000000e+00 7.013249035589042002e-02 -1.602615787174595241e-01 -1.177189087816459812e-01 -1.292022748949878397e-01 9.385221459196462224e-01 0.000000000000000000e+00 0.000000000000000000e+00 0.000000000000000000e+00 0.000000000000000000e+00
-2.967459826404430720e-02 0.000000000000000000e+00 0.000000000000000000e+00 -1.488363965917284260e-01 -1.665943214225350522e-01 -9.923286913282682031e-03 0.000000000000000000e+00 -1.363187092337104778e-01 -1.609184296706242245e-01 -1.379472774737109109e-01
0.000000000000000000e+00 0.000000000000000000e+00 -6.705514873018517119e-02 -9.018637870925360830e-03 0.000000000000000000e+00 0.000000000000000000e+00 -1.487903922500928566e-01 0.000000000000000000e+00 4.427712283149056738e-01 0.000000000000000000e+00
1.141363516782278431e+00 8.780734056400534282e-01 -5.814366227254124525e-02 -3.351226095132773392e-02 0.000000000000000000e+00 7.076808660671973783e-02 0.000000000000000000e+00 -1.817336922668922883e-01 0.000000000000000000e+00 0.000000000000000000e+00
1.050812914075536675e+00 1.618253828006376738e+00 0.000000000000000000e+00 -1.476217132679648047e-01 0.000000000000000000e+00 7.625905118208087252e-01 -5.960022137863194708e-02 0.000000000000000000e+00 -6.483922894938930204e-02 -7.958968616018456677e-02
1.502164939694805579e+00 1.808382002275391143e+00 0.000000000000000000e+00 0.000000000000000000e+00 0.000000000000000000e+00 1.292282664514109225e+00 0.000000000000000000e+00 0.000000000000000000e+00 5.797323607611513108e-01 -1.724895962327334109e-01
