#Matriz 
-1.233535440673938499e-02 1.582361404352776502e+00 1.057466085750723650e+00 3.784237515096031679e-01 1.526167516422101578e+00 7.749558004069603268e-01 0.000000000000000000e+00 1.835419471358079591e-02 8.356113816942016825e-01 1.756856552093161605e+00
-1.011176474380613005e-02 -3.942112448788573364e-02 -1.959077474262583829e-01 0.000000000000000000e+00 -1.482336728674819026e-01 -1.641870479037452479e-01 1.682042189327384918e+00 -1.519083885809908163e-01 0.000000000000000000e+00 -1.297035843020120927e-01
-8.560202213992106068e-02 4.819707975203089134e-01 -5.865534420363816177e-03 1.743928680449225554e+00 0.000000000000000000e+00 1.773963506145081581e+00 1.336292832887659987e+00 0.000000000000000000e+00 0.000000000000000000e+00 0.000000000000000000e+00
-1.260937513277856914e-01 0.000000000000000000e+00 -1.652022158641497374e-02 -1.254313032176178899e-01 -1.830894178438153830e-01 0.000000000000000000e+00 0.000000000000000000e+00 -1.769097867978589589e-01 0.000000000000000000e+00 0.000000000000000000e+00
-1.149040511027484834e-01 1.328309750629674824e-02 0.000000000000000000e+00 1.257713096496739125e+00 -1.167559357572249892e-02 2.076102416350500413e-02 7.272281149421939705e-01 7.263835048272855310e-01 1.088210509777923996e+00 0.000000000000000000e+00
-6.679731824846839305e-02 4.298152826884176214e-01 -1.277441528876153976e-01 0.000000000000000000e+00 -1.837950029777016547e-01 -7.078103020110262933e-02 0.000000000000000000e+00 -9.015231069374929351e-02 0.000000000000000000e+00 0.000000000000000000e+00
0.000000000000000000e+00 -5.874488675502634316e-02 -1.456434325350304815e-01 0.000000000000000000e+00 -6.276164085560236028e-02 0.000000000000000000e+00 -1.141623955023094300e-01 0.000000000000000000e+00 0.000000000000000000e+00 -4.454152135587537142e-02
-1.927158645129205608e-02 9.766135237868556196e-01 0.000000000000000000e+00 1.952045011715900058e+00 -1.644727240950317748e-01 6.300731236274279556e-01 0.000000000000000000e+00 -8.860834528358654816e-02 4.188510858895504452e-01 0.000000000000000000e+00
-1.349534666937840799e-01 0.000000000000000000e+00 0.000000000000000000e+00 0.000000000000000000e+00 -1.747407563814797893e-01 0.000000000000000000e+00 0.000000000000000000e+00 -1.023081675346682040e-01 -1.057320753881531711e-01 0.000000000000000000e+00
-5.137072894988763821e-02 7.215933516075994092e-01 0.000000000000000000e+00 0.000000000000000000e+00 0.000000000000000000e+00 0.000000000000000000e+00 1.886653588689831684e+00 0.000000000000000000e+00 0.000000000000000000e+00 -8.116421177975677304e-02
