#Matriz 
-1.238467229043851460e-02 1.674971436849719275e+00 3.482561599865232616e-01 2.227477631723659979e-01 0.000000000000000000e+00 0.000000000000000000e+00 1.153202872154516223e+00 1.350357626222527863e+00 1.036037997260646826e+00 0.000000000000000000e+00
-2.126459759396566451e-02 -8.682064573847417255e-02 1.682747257321790757e+00 1.410095103084673118e+00 0.000000000000000000e+00 0.000000000000000000e+00 0.000000000000000000e+00 9.660597731540561117e-01 -2.248831275039455888e-02 -6.910818680848110351e-02
-5.457535132465385352e-02 -1.231519536700496770e-01 -1.152691030874629513e-01 0.000000000000000000e+00 0.000000000000000000e+00 0.000000000000000000e+00 0.000000000000000000e+00 -6.538264570844323775e-02 -5.603227960933146456e-02 -1.953032115515743738e-01
-1.864394798166837675e-01 -8.932764362039020967e-02 0.000000000000000000e+00 -1.353614711945785309e-01 3.725390201473841589e-01 0.000000000000000000e+00 1.019602064578819522e+00 -6.476515933944593240e-02 -9.196958585500514261e-03 -1.341351464877157118e-01
0.000000000000000000e+00 0.000000000000000000e+00 0.000000000000000000e+00 -6.338680170436304662e-02 -5.165381340337216187e-02 -4.027388053894351977e-02 -1.308737718030284769e-01 0.000000000000000000e+00 0.000000000000000000e+00 0.000000000000000000e+00
0.000000000000000000e+00 0.000000000000000000e+00 0.000000000000000000e+00 0.000000000000000000e+00 1.776121605429227035e+00 -1.167489374727860296e-01 1.419214947286436823e+00 0.000000000000000000e+00 0.000000000000000000e+00 0.000000000000000000e+00
-4.177146318440683181e-02 0.000000000000000000e+00 0.000000000000000000e+00 -1.574986590923435278e-02 5.862725522119072163e-01 -1.935648949002646835e-01 -1.685589925208754170e-01 0.000000000000000000e+00 0.000000000000000000e+00 0.000000000000000000e+00
-1.336338045095637750e-01 -1.218418796104529661e-01 5.229239266628058491e-01 1.069531242321697828e+00 0.000000000000000000e+00 0.000000000000000000e+00 0.000000000000000000e+00 -9.941481817191843984e-02 -1.264235098224466280e-01 -1.017983921341658604e-01
-1.091421490343082584e-01 4.798489783676138654e-01 1.700349432861228971e+00 9.523459459727121601e-01 0.000000000000000000e+00 0.000000000000000000e+00 0.000000000000000000e+00 6.859029444452511282e-01 -1.973669329611493772e-01 0.000000000000000000e+00
0.000000000000000000e+00 1.076013769937613107e+00 1.449344870090112369e+00 1.482802353419629293e+00 0.000000000000000000e+00 0.000000000000000000e+00 0.000000000000000000e+00 1.763704115407175532e+00 0.000000000000000000e+00 -1.874111994674434734e-01
