#Matriz 
-1.033011707087124198e-01 0.000000000000000000e+00 9.144946554078292600e-02 7.133083294612878600e-01 0.000000000000000000e+00 1.155914263840892575e+00 9.217749198827911439e-01 1.581150224998979503e+00 0.000000000000000000e+00 1.082844622204768070e+00
0.000000000000000000e+00 -1.612930670846329795e-01 0.000000000000000000e+00 0.000000000000000000e+00 -5.883737701381144825e-02 0.000000000000000000e+00 0.000000000000000000e+00 0.000000000000000000e+00 0.000000000000000000e+00 0.000000000000000000e+00
-1.663414193735107682e-01 0.000000000000000000e+00 -9.774854011342909432e-02 1.216912642030081315e+00 -1.344442450844059167e-01 0.000000000000000000e+00 -1.710586338264947215e-01 -1.878940311034842936e-01 0.000000000000000000e+00 1.665619367748482293e+00
-1.395576599132051232e-01 0.000000000000000000e+00 -1.581413422348827980e-01 -1.204149045581164590e-01 -1.282254640136679946e-01 0.000000000000000000e+00 -1.046784770792756475e-01 -1.546100195156605572e-01 0.000000000000000000e+00 0.000000000000000000e+00
0.000000000000000000e+00 1.841187969565678983e+00 1.010362072358604646e+00 1.560619426780129881e+00 -1.103445694316261688e-01 0.000000000000000000e+00 5.449224349128576339e-01 1.963343215157880683e+00 1.012160646369851591e+00 9.442925170530127588e-01
-1.175564934306574938e-01 0.000000000000000000e+00 0.000000000000000000e+00 0.000000000000000000e+00 0.000000000000000000e+00 -1.701206156870240238e-01 0.000000000000000000e+00 -1.629222507059382152e-01 0.000000000000000000e+00 0.000000000000000000e+00
-1.436578288282502336e-01 0.000000000000000000e+00 7.979799833268814702e-01 1.148222197095362773e+00 -1.127539254524180939e-01 0.000000000000000000e+00 -1.791504979677179810e-01 0.000000000000000000e+00 0.000000000000000000e+00 2.039367594127861061e-01
-6.803431344348757903e-02 0.000000000000000000e+00 8.136617916409938367e-02 1.360262047247256856e+00 -9.930621897389478592e-02 1.495830779240828523e+00 0.000000000000000000e+00 -1.060142289958088124e-01 0.000000000000000000e+00 4.005209948808572396e-01
0.000000000000000000e+00 0.000000000000000000e+00 0.000000000000000000e+00 0.000000000000000000e+00 -1.783316111234131973e-01 0.000000000000000000e+00 0.000000000000000000e+00 0.000000000000000000e+00 -3.534543939213335290e-02 0.000000000000000000e+00
-1.630104433774559733e-03 0.000000000000000000e+00 -1.682581416492567872e-01 0.000000000000000000e+00 -2.718022208744106522e-02 0.000000000000000000e+00 -5.739613871311430998e-02 -7.858497671020950315e-02 0.000000000000000000e+00 -8.337376616457270462e-02
