#Matriz 
-8.911643571911331829e-02 5.758866333258876313e-01 0.000000000000000000e+00 1.480547945048499736e+00 1.880130567207518366e+00 1.759972110842909165e+00 1.498495616774640382e+00 1.425702765843410047e+00 1.883707853089090722e+00 0.000000000000000000e+00
-4.570329940889514969e-02 -5.411188829798248279e-02 5.447453188052810980e-01 -1.773816222475050886e-01 -1.657412927349176113e-01 0.000000000000000000e+00 0.000000000000000000e+00 0.000000000000000000e+00 0.000000000000000000e+00 1.487236571791943129e+00
0.000000000000000000e+00 -1.122409806026745255e-02 -9.070746972128573837e-02 -8.907050769842764226e-02 0.000000000000000000e+00 0.000000000000000000e+00 0.000000000000000000e+00 -1.290829058697159082e-01 0.000000000000000000e+00 7.648618165075986575e-01
-3.895621846200694738e-02 7.130358853655212048e-01 1.467869321965633578e-01 -1.213629629020550882e-01 0.000000000000000000e+00 1.265682549941482105e+00 0.000000000000000000e+00 8.127946627210844710e-01 0.000000000000000000e+00 1.389785037953245705e+00
-1.749427240494673130e-01 1.514943779851160022e+00 0.000000000000000000e+00 0.000000000000000000e+00 -2.187352135854252547e-02 1.540099313572876882e+00 2.604019964414641120e-01 1.959824401771879110e+00 1.475946363468053635e+00 0.000000000000000000e+00
-1.247267336231596274e-01 0.000000000000000000e+00 0.000000000000000000e+00 -1.580573074353294749e-01 -1.900014372786820172e-01 -1.706172521576778678e-01 0.000000000000000000e+00 0.000000000000000000e+00 -5.847932420371176193e-02 0.000000000000000000e+00
-1.102630726724481147e-01 0.000000000000000000e+00 0.000000000000000000e+00 0.000000000000000000e+00 -1.559617770415361315e-01 0.000000000000000000e+00 -7.337495031322074923e-02 0.000000000000000000e+00 -9.509678384443570609e-02 0.000000000000000000e+00
-1.397461631453176534e-01 0.000000000000000000e+00 1.250346052978096978e+00 -1.920602840293679503e-01 -4.051011100427304168e-02 0.000000000000000000e+00 0.000000000000000000e+00 -4.948181051350262344e-02 0.000000000000000000e+00 8.690941256203341680e-01
-1.312149767058698180e-01 0.000000000000000000e+00 0.000000000000000000e+00 0.000000000000000000e+00 -1.338151162410284589e-01 3.966697011864930289e-01 9.506436671988882647e-01 0.000000000000000000e+00 -1.661242670013325096e-01 0.000000000000000000e+00
0.000000000000000000e+00 -1.044158855477162196e-01 -8.598562261953744679e-02 -5.010018529952089961e-02 0.000000000000000000e+00 0.000000000000000000e+00 0.000000000000000000e+00 -9.160424536402972384e-02 0.000000000000000000e+00 -1.640312296317547047e-01
