#Matriz 
-2.221692719507684100e-02 9.455779903237790940e-01 3.727785694989205201e-01 9.578806090676212914e-01 1.776131622069114124e+00 7.953685347476762146e-01 8.059469628621429571e-02 1.437613623008569652e+00 2.852971530730459282e-01 6.047953315298559840e-01
-2.262643471558676428e-02 -1.423932957849833036e-01 3.449037285751672677e-01 0.000000000000000000e+00 1.307165516627661228e+00 1.728847467014759109e+00 6.310087145663179076e-01 7.496200698880295388e-01 5.103586374665423087e-01 4.787734880112970437e-01
-1.650391585815844941e-01 -1.511239020840523528e-01 -1.253915849126434612e-01 0.000000000000000000e+00 1.663036964052851285e+00 7.108602008177322684e-01 6.297808890629161827e-01 1.371169266568078138e+00 1.167810380650918134e+00 1.174189123479641550e+00
-1.524786347844314660e-01 0.000000000000000000e+00 0.000000000000000000e+00 -1.487235177580612661e-02 0.000000000000000000e+00 0.000000000000000000e+00 -1.614825690372737599e-01 -1.546658726250797200e-01 -1.648459578237839451e-01 0.000000000000000000e+00
-2.630877050333597922e-02 -1.964133876548688207e-01 -4.796887721835596530e-02 0.000000000000000000e+00 -9.274600748846112408e-02 0.000000000000000000e+00 0.000000000000000000e+00 1.556951920713237181e+00 0.000000000000000000e+00 0.000000000000000000e+00
-1.236957192632633373e-01 -1.228533046556555819e-01 -1.455414177057443720e-02 0.000000000000000000e+00 0.000000000000000000e+00 -1.763726347213828149e-01 0.000000000000000000e+00 0.000000000000000000e+00 0.000000000000000000e+00 0.000000000000000000e+00
-1.374755090082919844e-02 -1.858649099274425620e-01 -7.040208292425587100e-02 1.461458623230802667e+00 0.000000000000000000e+00 0.000000000000000000e+00 -3.192350615697636673e-02 0.000000000000000000e+00 0.000000000000000000e+00 0.000000000000000000e+00
-2.204229096596253129e-02 -8.872209565518079932e-02 -1.401449157478697471e-01 1.776492236707836847e+00 -1.852062862770917362e-01 0.000000000000000000e+00 0.000000000000000000e+00 -7.536488493592163884e-02 0.000000000000000000e+00 0.000000000000000000e+00
-1.853843715983730656e-01 -4.527941287280889959e-02 -8.158335860099752770e-03 1.592225457946001344e+00 0.000000000000000000e+00 0.000000000000000000e+00 0.000000000000000000e+00 0.000000000000000000e+00 -9.001843496323716498e-02 0.000000000000000000e+00
-7.056105091998486623e-02 -7.708748564328515851e-02 -1.157312676881245943e-02 0.000000000000000000e+00 0.000000000000000000e+00 0.000000000000000000e+00 0.000000000000000000e+00 0.000000000000000000e+00 0.000000000000000000e+00 -1.185487505296644595e-01
