#Matriz 
-1.603710109808454132e-01 0.000000000000000000e+00 0.000000000000000000e+00 -1.980937669979707383e-01 -1.550336093349582445e-01 -6.184988828410209472e-02 0.000000000000000000e+00 0.000000000000000000e+00 -1.928135167374847581e-01 0.000000000000000000e+00
0.000000000000000000e+00 -1.682620513908426596e-01 0.000000000000000000e+00 0.000000000000000000e+00 -1.687970776769482650e-01 -1.705542424778869470e-01 0.000000000000000000e+00 4.399697399034183665e-01 0.000000000000000000e+00 1.156802440552024303e+00
0.000000000000000000e+00 0.000000000000000000e+00 -9.777755859416203954e-02 4.214819855116671565e-01 0.000000000000000000e+00 0.000000000000000000e+00 0.000000000000000000e+00 0.000000000000000000e+00 0.000000000000000000e+00 0.000000000000000000e+00
1.477400683840634832e+00 0.000000000000000000e+00 -1.426298967520498590e-02 -1.237844297236108393e-01 -4.339379406660486688e-02 -2.731818271049015964e-02 9.477301323842139968e-01 0.000000000000000000e+00 7.004379435706020729e-02 0.000000000000000000e+00
4.688969323965164193e-02 2.056492009262136378e-01 0.000000000000000000e+00 4.848441450215525972e-01 -6.581581131187612399e-02 1.865489585773198566e+00 4.770064326876310989e-01 0.000000000000000000e+00 1.468390232712817323e-01 1.130302750952938418e-01
1.451329679331914146e-01 1.610515638196485577e+00 0.000000000000000000e+00 3.380460109785292655e-01 -1.397235738914715253e-01 -1.863483464288305524e-01 9.943173288048934300e-01 0.000000000000000000e+00 1.949133392117602614e+00 0.000000000000000000e+00
0.000000000000000000e+00 0.000000000000000000e+00 0.000000000000000000e+00 -1.585568863035381748e-01 -1.686158620637847605e-01 -1.143645849369367418e-01 -2.191459916554006071e-04 7.941817575873355572e-02 -1.085772075387594210e-01 0.000000000000000000e+00
0.000000000000000000e+00 -2.231796637338672243e-02 0.000000000000000000e+00 0.000000000000000000e+00 0.000000000000000000e+00 0.000000000000000000e+00 -9.950216806018526150e-02 -1.180830331482462248e-01 0.000000000000000000e+00 0.000000000000000000e+00
1.035500906080683237e+00 0.000000000000000000e+00 0.000000000000000000e+00 -4.421231106123251625e-02 -6.657978415464523014e-02 -8.684406131448366151e-02 3.722052725128099926e-01 0.000000000000000000e+00 -2.719205679689427196e-02 1.507048698802452735e+00
0.000000000000000000e+00 -5.235053385341392751e-02 0.000000000000000000e+00 0.000000000000000000e+00 -1.650302279871555255e-01 0.000000000000000000e+00 0.000000000000000000e+00 0.000000000000000000e+00 -1.685325869055949097e-02 -1.040269974229019595e-01
