#Matriz 
-1.040462137146935667e-01 -9.813526531923313923e-02 -1.482990971820831172e-01 0.000000000000000000e+00 -1.421441967287564168e-01 0.000000000000000000e+00 -3.287075189613857668e-02 -4.950280713806479160e-02 1.791278979749429512e+00 0.000000000000000000e+00
1.532817679279730561e+00 -1.111848594642279031e-01 0.000000000000000000e+00 0.000000000000000000e+00 0.000000000000000000e+00 5.647652974025627604e-01 -1.470915839688429760e-01 0.000000000000000000e+00 0.000000000000000000e+00 1.659821171171150134e+00
1.471694037661460008e+00 0.000000000000000000e+00 -7.084940860717606204e-02 0.000000000000000000e+00 0.000000000000000000e+00 2.564167703070192594e-01 0.000000000000000000e+00 0.000000000000000000e+00 8.593161473248493998e-01 1.658890453266013143e+00
0.000000000000000000e+00 0.000000000000000000e+00 0.000000000000000000e+00 -2.891972075829978353e-02 -9.878992014665957666e-02 0.000000000000000000e+00 -1.153075051987853678e-01 0.000000000000000000e+00 0.000000000000000000e+00 0.000000000000000000e+00
4.475067832214851826e-01 0.000000000000000000e+00 0.000000000000000000e+00 1.877798340252815112e+00 -1.836454947396619908e-01 1.470283656969639807e+00 0.000000000000000000e+00 0.000000000000000000e+00 5.989796491464258743e-01 1.339840800061014692e+00
0.000000000000000000e+00 -2.246819688449943828e-02 -3.499281468325539379e-02 0.000000000000000000e+00 -1.310678966445331939e-01 -2.691031873164442464e-02 -1.065649074892225934e-01 0.000000000000000000e+00 1.831742773149039660e+00 0.000000000000000000e+00
6.087621591361775941e-01 1.795162863711305956e-01 0.000000000000000000e+00 1.528093455863802408e+00 0.000000000000000000e+00 9.804738960503756040e-02 -9.438873273027810484e-02 0.000000000000000000e+00 1.032819181042903711e+00 2.533884041417844291e-01
7.945795205716368326e-01 0.000000000000000000e+00 0.000000000000000000e+00 0.000000000000000000e+00 0.000000000000000000e+00 0.000000000000000000e+00 0.000000000000000000e+00 -1.457574700873752460e-01 1.616900088549909409e+00 1.774041125685172249e+00
-1.254545970273781286e-01 0.000000000000000000e+00 -1.563198113825096935e-01 0.000000000000000000e+00 -9.327358882093861325e-02 -1.450283414827123474e-01 -7.528841156114017552e-02 -9.745785701329874595e-02 -1.548685832908470728e-01 0.000000000000000000e+00
0.000000000000000000e+00 -1.182727948883757485e-01 -1.658737101120424384e-01 0.000000000000000000e+00 -1.842227052897403572e-01 0.000000000000000000e+00 -5.926836049733459622e-02 -5.908775251357156755e-02 0.000000000000000000e+00 -5.326357318223085002e-02
