#Matriz 
-8.114823007966952273e-02 0.000000000000000000e+00 -1.798542124468988090e-01 8.457893956216362419e-01 0.000000000000000000e+00 1.956172084405337852e+00 0.000000000000000000e+00 0.000000000000000000e+00 1.800262321392345433e+00 0.000000000000000000e+00
0.000000000000000000e+00 -2.266805605040000948e-03 -8.788386190821460831e-02 4.986606758620724111e-01 0.000000000000000000e+00 1.502169203752952820e+00 0.000000000000000000e+00 0.000000000000000000e+00 1.865380060263293061e+00 5.496042353462660124e-01
3.815082520064239091e-03 5.860502087746806144e-01 -5.063308414996232909e-02 0.000000000000000000e+00 0.000000000000000000e+00 0.000000000000000000e+00 0.000000000000000000e+00 1.651433824887810431e+00 0.000000000000000000e+00 0.000000000000000000e+00
-6.027981303138743585e-02 -1.111702720672066436e-01 0.000000000000000000e+00 -1.311560069005129614e-01 -8.787566632160444258e-02 -1.204919709156613283e-01 -1.324774784667466336e-02 0.000000000000000000e+00 -6.721657246095065485e-02 7.068101025395565618e-01
0.000000000000000000e+00 0.000000000000000000e+00 0.000000000000000000e+00 9.128628575146624513e-01 -8.380292768294139716e-02 2.449845457374195679e-01 0.000000000000000000e+00 0.000000000000000000e+00 0.000000000000000000e+00 1.140242677520794778e+00
-4.733230693618211554e-02 -2.955220863116325963e-03 0.000000000000000000e+00 1.015602132156380621e+00 -1.299533541933619307e-01 -1.584394794331010492e-01 -8.757531775421763254e-02 -1.005927571654987446e-01 0.000000000000000000e+00 7.150744061589549005e-01
0.000000000000000000e+00 0.000000000000000000e+00 0.000000000000000000e+00 4.023014388994592405e-01 0.000000000000000000e+00 1.065999944289293788e+00 -1.165015781525406552e-01 0.000000000000000000e+00 0.000000000000000000e+00 1.867041634150398366e+00
0.000000000000000000e+00 0.000000000000000000e+00 -1.166915023471001150e-01 0.000000000000000000e+00 0.000000000000000000e+00 1.270634473731417913e-01 0.000000000000000000e+00 -4.994423901624209933e-02 3.908588548654807759e-01 0.000000000000000000e+00
-1.655728608616747755e-01 -1.688300329337361627e-01 0.000000000000000000e+00 1.845615340765577095e+00 0.000000000000000000e+00 0.000000000000000000e+00 0.000000000000000000e+00 -9.911684764252262636e-02 -1.578567807440618420e-01 1.549600090832966126e+00
0.000000000000000000e+00 -1.562529487146839882e-02 0.000000000000000000e+00 -1.163934123662175857e-01 -1.550251025724289633e-01 -6.469444490918856150e-02 -1.967628366205952661e-01 0.000000000000000000e+00 -2.305327861036112966e-02 -5.534333974641550413e-02
