#Matriz 
-7.152228300968466179e-02 0.000000000000000000e+00 -6.165413343946375690e-02 -9.263246615548757779e-02 0.000000000000000000e+00 9.234345047644538784e-01 3.963002776152648732e-01 0.000000000000000000e+00 0.000000000000000000e+00 1.498701611561542357e+00
0.000000000000000000e+00 -1.227722401536596869e-01 -2.673064953799993149e-02 0.000000000000000000e+00 1.403062503100680036e+00 6.596128868180299865e-01 0.000000000000000000e+00 0.000000000000000000e+00 0.000000000000000000e+00 0.000000000000000000e+00
1.658597583138167852e+00 3.533186162551198439e-01 -1.696262808160700075e-01 6.480053881610297051e-01 0.000000000000000000e+00 0.000000000000000000e+00 0.000000000000000000e+00 6.457741523099824743e-01 1.537948411045686470e-02 0.000000000000000000e+00
8.314971094018226427e-01 0.000000000000000000e+00 -3.191205938649908230e-02 -9.920422142800025544e-02 5.894684086892885144e-01 9.051339021940285612e-01 0.000000000000000000e+00 1.879900783109030860e+00 8.268713533564986395e-01 0.000000000000000000e+00
0.000000000000000000e+00 -8.378632302669951348e-02 0.000000000000000000e+00 -9.863211030218124731e-02 -1.087352863959032689e-01 4.445375966735243267e-01 1.750842771899463468e+00 0.000000000000000000e+00 -1.672251533950651903e-01 1.669994634292871760e+00
-1.404701654594338323e-01 -1.786352339792752764e-01 0.000000000000000000e+00 -5.684608017537793462e-02 -8.504446018414782427e-02 -3.590381565121323476e-02 0.000000000000000000e+00 0.000000000000000000e+00 0.000000000000000000e+00 0.000000000000000000e+00
-1.963845117290425879e-01 0.000000000000000000e+00 0.000000000000000000e+00 0.000000000000000000e+00 -2.708755899200492381e-02 0.000000000000000000e+00 -1.944617196792843838e-01 0.000000000000000000e+00 0.000000000000000000e+00 -1.759639905540383020e-01
0.000000000000000000e+00 0.000000000000000000e+00 -1.031003794351155467e-01 -1.123179854351600837e-01 0.000000000000000000e+00 0.000000000000000000e+00 0.000000000000000000e+00 -1.077359366935653623e-01 -2.929133479711139298e-02 1.674714487680962094e+00
0.000000000000000000e+00 0.000000000000000000e+00 -7.529089486657863928e-02 -9.253872292420056711e-02 1.791470285949455565e+00 0.000000000000000000e+00 0.000000000000000000e+00 3.167557156847253808e-01 -9.651153444304311213e-02 0.000000000000000000e+00
-1.978082505094054810e-01 0.000000000000000000e+00 0.000000000000000000e+00 0.000000000000000000e+00 -1.712153624868755497e-01 0.000000000000000000e+00 3.809648308738697864e-01 -5.235144286447599576e-02 0.000000000000000000e+00 -9.226381607965863929e-02
