#Matriz 
-1.263807227345719042e-01 0.000000000000000000e+00 1.578469047138443493e+00 2.309676790599486385e-01 0.000000000000000000e+00 0.000000000000000000e+00 1.356567368892549696e+00 0.000000000000000000e+00 0.000000000000000000e+00 0.000000000000000000e+00
0.000000000000000000e+00 -5.256979640270951354e-02 2.786155796454641287e-01 1.795134994292764352e+00 9.210516978461971149e-01 4.681875250080165252e-01 3.965704985346267808e-01 0.000000000000000000e+00 0.000000000000000000e+00 4.204614553429149026e-01
-1.846468756857537474e-01 -1.030961628613437792e-01 -1.420390859030426778e-01 -1.333670580592715427e-01 0.000000000000000000e+00 0.000000000000000000e+00 0.000000000000000000e+00 -1.457494668810461851e-02 -1.786306890385219726e-01 0.000000000000000000e+00
-2.283866092692288154e-03 -4.525483080809298425e-02 7.380055872604394107e-01 -6.954545035283810073e-02 0.000000000000000000e+00 0.000000000000000000e+00 1.475152391443384614e+00 -1.886405062099759111e-01 -1.042340988341232746e-02 0.000000000000000000e+00
0.000000000000000000e+00 -1.072750375150100244e-01 0.000000000000000000e+00 0.000000000000000000e+00 -1.687077160185802560e-01 0.000000000000000000e+00 0.000000000000000000e+00 -3.217632830163370816e-02 -4.294641097582385658e-02 0.000000000000000000e+00
0.000000000000000000e+00 -9.873471828698093811e-02 0.000000000000000000e+00 0.000000000000000000e+00 0.000000000000000000e+00 -1.958788672750102489e-01 0.000000000000000000e+00 -2.409885025166094361e-02 -7.985928130954617066e-02 0.000000000000000000e+00
-7.426550310518509335e-02 -1.041210636697908476e-01 0.000000000000000000e+00 -1.413259796584385997e-01 0.000000000000000000e+00 0.000000000000000000e+00 -1.619149031846895889e-02 -1.120933096099804294e-01 -1.372946008024835129e-01 0.000000000000000000e+00
0.000000000000000000e+00 0.000000000000000000e+00 2.600196646604082673e-01 5.963488055956127631e-01 5.858691876460313530e-01 1.784508359798061550e+00 1.416555810295589302e+00 -1.805527773548809556e-03 0.000000000000000000e+00 1.873744743220431497e+00
0.000000000000000000e+00 0.000000000000000000e+00 1.775840418449740277e+00 7.696806709954542303e-01 2.072033302072979755e-01 6.363116272356896808e-01 4.373989371342570376e-01 0.000000000000000000e+00 -3.029439605187736126e-02 1.230907038542958798e-01
0.000000000000000000e+00 -2.609899835852975969e-02 0.000000000000000000e+00 0.000000000000000000e+00 0.000000000000000000e+00 0.000000000000000000e+00 0.000000000000000000e+00 -1.709256013136286612e-01 -6.558425797461042706e-02 -1.570094232876177165e-01
