#Matriz 
-1.520892768251183025e-01 1.974346062555972559e+00 1.027604143315872465e+00 -1.577410663455969253e-01 1.024849890605956659e+00 0.000000000000000000e+00 5.306219610455578106e-01 5.585030756719615574e-01 0.000000000000000000e+00 1.593729934742808219e+00
-1.175438355997242418e-01 -5.604757549841785785e-02 0.000000000000000000e+00 0.000000000000000000e+00 -1.523620282257229924e-02 -9.430293412585616375e-02 -1.576713206989883709e-01 1.092354212160137061e+00 0.000000000000000000e+00 0.000000000000000000e+00
-1.091931374851063952e-01 0.000000000000000000e+00 -1.252173040858211087e-02 0.000000000000000000e+00 -1.849553658061483530e-01 -6.929050592830042488e-02 0.000000000000000000e+00 7.509636816593023845e-02 0.000000000000000000e+00 -9.778183309423991998e-02
1.627413773715360445e-01 0.000000000000000000e+00 0.000000000000000000e+00 -4.736650746423565206e-02 0.000000000000000000e+00 0.000000000000000000e+00 0.000000000000000000e+00 0.000000000000000000e+00 0.000000000000000000e+00 0.000000000000000000e+00
-5.403472878724331629e-02 1.826156529479275203e+00 7.809147560386833220e-01 0.000000000000000000e+00 -7.244089985746078597e-02 -1.586410353829793840e-01 -1.073644891023039921e-01 0.000000000000000000e+00 0.000000000000000000e+00 -1.512353019874841387e-01
0.000000000000000000e+00 1.237026946733016608e+00 1.765433499086171532e+00 0.000000000000000000e+00 1.944787039225760905e+00 -1.907044966382414608e-01 3.028610084808696090e-01 9.347253887714679355e-01 -4.997256293026378082e-02 1.239578015196080907e+00
-1.016303150637273278e-01 1.149820858285853786e+00 0.000000000000000000e+00 0.000000000000000000e+00 1.098701320490786726e+00 -1.526892350682358956e-01 -1.709093633324705319e-01 0.000000000000000000e+00 0.000000000000000000e+00 1.706804074221394796e+00
-4.476898423345124223e-02 -9.626570251726380978e-02 -1.185047772637060071e-02 0.000000000000000000e+00 0.000000000000000000e+00 -1.791953670621591055e-01 0.000000000000000000e+00 -1.543877759662442076e-02 0.000000000000000000e+00 0.000000000000000000e+00
0.000000000000000000e+00 0.000000000000000000e+00 0.000000000000000000e+00 0.000000000000000000e+00 0.000000000000000000e+00 1.740526105728400719e+00 0.000000000000000000e+00 0.000000000000000000e+00 -1.907762952132223411e-01 0.000000000000000000e+00
-1.979085937269261519e-01 0.000000000000000000e+00 2.801587862410048757e-01 0.000000000000000000e+00 1.463750196297413986e+00 -1.237286918834088617e-02 -5.036273421125401356e-02 0.000000000000000000e+00 0.000000000000000000e+00 -1.453158397009298441e-01
