#Matriz 
-1.742986451323594588e-01 1.348049204135365997e+00 0.000000000000000000e+00 -1.390272712728517490e-01 0.000000000000000000e+00 0.000000000000000000e+00 -7.563861008162464650e-02 -1.221732918196662132e-01 0.000000000000000000e+00 -1.239400715539256126e-01
-1.976174341377954363e-02 -6.140062178308543228e-02 0.000000000000000000e+00 -2.766304838005231512e-02 0.000000000000000000e+00 0.000000000000000000e+00 0.000000000000000000e+00 -1.802103456357616595e-01 0.000000000000000000e+00 -1.975338785501675742e-01
0.000000000000000000e+00 0.000000000000000000e+00 -5.607787734530378376e-02 0.000000000000000000e+00 0.000000000000000000e+00 0.000000000000000000e+00 0.000000000000000000e+00 -1.177149702346169668e-01 -1.154813151387251297e-01 0.000000000000000000e+00
3.685495743074018726e-01 1.475012017272858023e+00 0.000000000000000000e+00 -1.813581934451657940e-01 1.693660659278628522e+00 1.795151215402235323e-01 0.000000000000000000e+00 8.861735806050941022e-02 1.061954542169657678e+00 1.497493519535402218e-01
0.000000000000000000e+00 0.000000000000000000e+00 0.000000000000000000e+00 -1.512752127520866074e-01 -5.789165859382577189e-02 0.000000000000000000e+00 0.000000000000000000e+00 1.239372598647187518e+00 1.318542788803437116e+00 -1.706091621747323275e-02
0.000000000000000000e+00 0.000000000000000000e+00 0.000000000000000000e+00 -2.893734338888187541e-02 0.000000000000000000e+00 -1.545312492684826622e-01 0.000000000000000000e+00 1.827297865951944988e+00 0.000000000000000000e+00 -8.171898602664338929e-02
1.279222911227898773e+00 0.000000000000000000e+00 0.000000000000000000e+00 0.000000000000000000e+00 0.000000000000000000e+00 0.000000000000000000e+00 -1.429290597207072688e-01 1.014866536932429675e+00 4.908177569554121877e-01 0.000000000000000000e+00
1.221972888894749421e+00 1.301516726265941060e+00 5.176494733120711178e-01 -3.885360925436592144e-02 -4.743473004721461550e-02 -1.334750478206110369e-01 -1.543043757137160521e-01 -2.144559764239733005e-02 0.000000000000000000e+00 -1.578733378848270197e-01
0.000000000000000000e+00 0.000000000000000000e+00 1.397694404741454122e-01 -7.538562428016351569e-02 -8.045214096053053543e-02 0.000000000000000000e+00 -1.473065642089323724e-01 0.000000000000000000e+00 -8.256309137651185459e-03 -1.810121951037511195e-02
7.984049878008643297e-01 9.095281771695240547e-01 0.000000000000000000e+00 -4.596842999554591469e-02 1.330417556975005855e+00 1.636641820539433523e+00 0.000000000000000000e+00 1.358257072932359533e+00 1.740494945702598439e+00 -1.710210997305843320e-02
