#Matriz 
-1.151934200319388729e-01 2.000684011902555959e-01 7.869209060213091522e-01 0.000000000000000000e+00 -1.603513990858610461e-01 0.000000000000000000e+00 0.000000000000000000e+00 0.000000000000000000e+00 5.093757043801683260e-02 -1.067976959626174838e-01
-1.860902276347977113e-01 -8.010157593219274785e-02 -1.740880641257239458e-01 0.000000000000000000e+00 -4.938610215702925882e-02 -1.286532099418462652e-02 7.426798292274574553e-01 0.000000000000000000e+00 0.000000000000000000e+00 0.000000000000000000e+00
-3.908774404494226584e-02 3.396181183264046499e-01 -6.130650405894980115e-02 3.890055199884350223e-01 -5.203921369087138871e-02 -9.855750445349348299e-02 7.114538039220703602e-01 0.000000000000000000e+00 -1.260750616704754967e-01 0.000000000000000000e+00
0.000000000000000000e+00 0.000000000000000000e+00 -7.683226073292814817e-02 -1.898447369382421090e-01 -6.192960013458859853e-03 0.000000000000000000e+00 0.000000000000000000e+00 0.000000000000000000e+00 0.000000000000000000e+00 0.000000000000000000e+00
1.962536803392294305e+00 4.764700132188834925e-01 1.118214880668655375e-02 1.139301255083804421e-01 -1.872972505272765265e-01 1.311430651159054772e+00 6.163167573352485995e-01 1.397602144353423448e+00 1.158612511476558860e+00 1.722198860722635283e+00
0.000000000000000000e+00 1.765617042149613125e+00 3.307107181731190337e-01 0.000000000000000000e+00 -1.073382089125591854e-01 -5.312033777162899345e-02 8.381313325218187060e-02 0.000000000000000000e+00 1.646997304993126354e+00 -1.726304952455375297e-01
0.000000000000000000e+00 -4.530721945559693098e-02 -7.481392252579695257e-02 0.000000000000000000e+00 -1.109226840186076091e-01 -7.455693272521768389e-02 -9.049608380013210440e-02 0.000000000000000000e+00 0.000000000000000000e+00 0.000000000000000000e+00
0.000000000000000000e+00 0.000000000000000000e+00 0.000000000000000000e+00 0.000000000000000000e+00 -1.216543458519322995e-01 0.000000000000000000e+00 0.000000000000000000e+00 -4.101459761031028134e-02 0.000000000000000000e+00 -1.921131886734499597e-02
-8.008906790637681725e-03 0.000000000000000000e+00 1.537666232206369443e+00 0.000000000000000000e+00 -9.034957424954571242e-03 -1.528062783609086261e-01 0.000000000000000000e+00 0.000000000000000000e+00 -6.155120462676469395e-02 0.000000000000000000e+00
8.472791404673021276e-01 0.000000000000000000e+00 0.000000000000000000e+00 0.000000000000000000e+00 -1.382423905440468004e-01 7.283613775636288423e-02 0.000000000000000000e+00 1.198789997379280603e+00 0.000000000000000000e+00 -4.152908630781715349e-02
