#Matriz 
-3.753296817768783655e-02 1.468056178000671785e-01 1.330501220702815512e-01 -9.402972188499184036e-02 -1.270725222886997241e-01 -5.374764454615075376e-02 -1.721985556160430808e-01 6.050087679397715412e-01 0.000000000000000000e+00 -8.319538878885823774e-02
-9.018074295387519534e-02 -1.959006112150766810e-01 0.000000000000000000e+00 0.000000000000000000e+00 -9.720806596413877898e-02 -5.270003175958717923e-02 -1.426720525459321542e-01 0.000000000000000000e+00 0.000000000000000000e+00 -1.301516443628682462e-01
-1.866929587433762416e-01 0.000000000000000000e+00 -3.517542170125342871e-03 0.000000000000000000e+00 -6.829695426232466893e-02 0.000000000000000000e+00 -3.731752528708003752e-02 0.000000000000000000e+00 0.000000000000000000e+00 0.000000000000000000e+00
9.053584218175321219e-01 0.000000000000000000e+00 0.000000000000000000e+00 -4.765808984732731318e-02 -1.981595219778635453e-01 0.000000000000000000e+00 -7.813334051398486413e-02 0.000000000000000000e+00 0.000000000000000000e+00 -1.253763393290942274e-01
1.554717480853513578e+00 7.149515990437911306e-01 1.738422826615324324e+00 4.048636578308220102e-01 -8.220385537789778874e-02 1.199998454266301140e+00 0.000000000000000000e+00 1.341055364531177796e+00 4.480955834275364147e-01 0.000000000000000000e+00
4.437044831593706107e-02 1.716554102938783855e+00 0.000000000000000000e+00 0.000000000000000000e+00 -4.995684897176020517e-02 -1.376619698291559057e-01 -6.449382849235139881e-02 0.000000000000000000e+00 0.000000000000000000e+00 -1.775843816339714443e-01
2.921542646067252225e-01 5.747221317825246256e-01 1.227523271490778001e-01 7.826651162685551721e-01 0.000000000000000000e+00 1.645718309622407949e+00 -1.200894119876732002e-01 1.311634710736659049e+00 8.934856175712619919e-01 0.000000000000000000e+00
-6.513301717168824834e-02 0.000000000000000000e+00 0.000000000000000000e+00 0.000000000000000000e+00 -6.473346200004621853e-02 0.000000000000000000e+00 -1.029719723578922386e-01 -1.801581167794325256e-01 0.000000000000000000e+00 0.000000000000000000e+00
0.000000000000000000e+00 0.000000000000000000e+00 0.000000000000000000e+00 0.000000000000000000e+00 -1.538042879347229497e-01 0.000000000000000000e+00 -1.507068373466664002e-01 0.000000000000000000e+00 -1.049813996014690859e-01 -8.617844048206897700e-02
4.842582843307929874e-01 1.831011233382648928e-01 0.000000000000000000e+00 1.941140710995099772e+00 0.000000000000000000e+00 1.397829441368242387e+00 0.000000000000000000e+00 0.000000000000000000e+00 2.845095396328478632e-01 -7.798572005301890320e-02
