#Matriz 
-1.455224846430657470e-01 0.000000000000000000e+00 0.000000000000000000e+00 0.000000000000000000e+00 0.000000000000000000e+00 0.000000000000000000e+00 7.753126834243004861e-01 -1.425490091857813113e-01 0.000000000000000000e+00 -9.278963981586352272e-02
0.000000000000000000e+00 -1.866158258746801746e-01 1.880389543507719141e+00 -9.335097332728573005e-02 0.000000000000000000e+00 -1.559872288475062652e-01 -1.893729595366948903e-01 0.000000000000000000e+00 0.000000000000000000e+00 -3.617726546130015791e-02
0.000000000000000000e+00 -9.195018028254629827e-02 -6.027767540896882686e-02 0.000000000000000000e+00 0.000000000000000000e+00 -1.102833195834522356e-01 -1.709656412011077709e-01 0.000000000000000000e+00 -1.654950531374670408e-01 -9.445242931834017808e-02
0.000000000000000000e+00 1.592046896787981058e+00 0.000000000000000000e+00 -2.435526434546369037e-02 0.000000000000000000e+00 0.000000000000000000e+00 1.821656553247516408e+00 -2.351605090788400076e-02 0.000000000000000000e+00 -1.625211706982419846e-01
0.000000000000000000e+00 0.000000000000000000e+00 0.000000000000000000e+00 0.000000000000000000e+00 -1.219145400414077401e-01 -1.766547158887709912e-01 0.000000000000000000e+00 0.000000000000000000e+00 0.000000000000000000e+00 0.000000000000000000e+00
0.000000000000000000e+00 1.534327544207846117e+00 8.020529068623516444e-02 0.000000000000000000e+00 1.427317836946152774e+00 -1.930623906059347750e-01 0.000000000000000000e+00 -1.109290188538615274e-01 0.000000000000000000e+00 -5.400029057977213942e-02
-8.937994122658220186e-02 7.292096904980434058e-01 5.485464694979746980e-02 -8.753927812327716440e-02 0.000000000000000000e+00 0.000000000000000000e+00 -6.637756622090333625e-02 -6.065038117401569395e-02 0.000000000000000000e+00 -1.959938391611996400e-01
1.295444477998616284e+00 0.000000000000000000e+00 0.000000000000000000e+00 7.695778954702010566e-01 0.000000000000000000e+00 1.167201330085287481e+00 6.856055602362378654e-01 -1.602583246851193577e-01 9.667359658798115873e-01 1.789842972602476490e+00
0.000000000000000000e+00 0.000000000000000000e+00 9.570876844710942688e-01 0.000000000000000000e+00 0.000000000000000000e+00 0.000000000000000000e+00 0.000000000000000000e+00 -1.306030331971235262e-02 -1.380679731955585243e-01 -1.210288315755394563e-02
1.169642449439135312e+00 1.130604283980465086e+00 3.738853743714853906e-03 1.975734172696106183e+00 0.000000000000000000e+00 4.887058552500267439e-02 1.274695985833198764e+00 -1.588031823478077906e-02 1.394316300250975527e+00 -6.596737130450703278e-03
