#Matriz 
-1.130241160729655719e-01 0.000000000000000000e+00 0.000000000000000000e+00 0.000000000000000000e+00 -3.908213424912543310e-03 0.000000000000000000e+00 0.000000000000000000e+00 -6.121846483575694997e-02 -4.576927246054985146e-03 0.000000000000000000e+00
0.000000000000000000e+00 -1.807709809461870432e-01 -1.800479290333369398e-01 0.000000000000000000e+00 -1.814778170652773248e-01 -1.112907206558325646e-01 -1.213574117440252651e-03 0.000000000000000000e+00 -1.557423235673307572e-02 0.000000000000000000e+00
0.000000000000000000e+00 1.480050805339647502e+00 -6.085261828978101584e-02 0.000000000000000000e+00 0.000000000000000000e+00 0.000000000000000000e+00 0.000000000000000000e+00 -1.651963430508083808e-01 0.000000000000000000e+00 1.026676071902877796e+00
0.000000000000000000e+00 0.000000000000000000e+00 0.000000000000000000e+00 -4.953559973795678556e-02 -9.461362763107938889e-04 0.000000000000000000e+00 0.000000000000000000e+00 -1.659169736470929857e-01 -1.249516036291901111e-01 0.000000000000000000e+00
1.427392409036997378e+00 1.808944565973046759e+00 0.000000000000000000e+00 1.314696470037799436e-01 -1.621487063707514331e-01 0.000000000000000000e+00 0.000000000000000000e+00 -9.222257985389828439e-02 -1.333874927430595547e-01 7.275635212167670396e-01
0.000000000000000000e+00 1.269589760529880484e+00 0.000000000000000000e+00 0.000000000000000000e+00 0.000000000000000000e+00 -1.539129530454681483e-01 0.000000000000000000e+00 -1.733305026190369302e-01 0.000000000000000000e+00 1.013412164678003213e+00
0.000000000000000000e+00 1.892839078709704470e+00 0.000000000000000000e+00 0.000000000000000000e+00 0.000000000000000000e+00 0.000000000000000000e+00 -1.215509349577870435e-01 -1.120035279506819692e-01 0.000000000000000000e+00 2.350907975334688427e-01
1.737859211496892042e+00 0.000000000000000000e+00 1.436935212061213551e+00 1.381795898049219762e+00 5.404433430320647602e-01 7.795766222312656701e-01 1.111365777433783730e+00 -4.187203431217634102e-03 1.922640973994811597e+00 0.000000000000000000e+00
1.920907532933361361e+00 1.026413497257234742e+00 0.000000000000000000e+00 1.384892178595365841e+00 1.136554010234140932e-01 0.000000000000000000e+00 0.000000000000000000e+00 -2.999577550671242085e-02 -3.149181898185093864e-02 8.473185844118138466e-01
0.000000000000000000e+00 0.000000000000000000e+00 -1.472937608559618528e-01 0.000000000000000000e+00 -1.664680480722601219e-01 -1.739857891343301807e-02 -1.559977382006441093e-01 0.000000000000000000e+00 -1.872713521414175464e-01 -1.262679074708548399e-01
