#Matriz 
-9.461965266851149470e-02 -1.426529160653844108e-01 0.000000000000000000e+00 -5.580723682489206056e-02 -1.020945929550067799e-01 -1.217004171674174184e-01 0.000000000000000000e+00 -1.515798011253466082e-01 0.000000000000000000e+00 0.000000000000000000e+00
1.559234839560896813e-01 -8.893222593365138207e-02 -1.844996323743285094e-01 4.727150513749509564e-01 0.000000000000000000e+00 9.176177178600717355e-01 1.504539177714282694e+00 -1.061956566911973487e-01 -8.430474081406025277e-02 1.660379816899625549e+00
0.000000000000000000e+00 4.457833927053789225e-01 -3.211524608638118700e-02 0.000000000000000000e+00 0.000000000000000000e+00 0.000000000000000000e+00 0.000000000000000000e+00 -1.994005731461905295e-01 -6.734498109842530778e-02 0.000000000000000000e+00
3.038495221494201814e-01 -1.706903125449346081e-01 0.000000000000000000e+00 -1.638149293780191348e-02 0.000000000000000000e+00 1.547929494644918247e+00 0.000000000000000000e+00 -1.188288489667747722e-01 0.000000000000000000e+00 6.641567245584734103e-02
1.736618330911368302e+00 0.000000000000000000e+00 0.000000000000000000e+00 0.000000000000000000e+00 -1.492269724707033507e-01 1.625687315785031561e+00 0.000000000000000000e+00 -3.006249255178228275e-03 -6.736742125364259329e-03 1.731996221664426239e+00
7.368797231088208832e-01 -1.829480887996608532e-02 0.000000000000000000e+00 -1.044624465850857442e-01 -1.786501356086281633e-01 -1.076416304657856760e-01 -1.362610459306049238e-01 -1.023330505950716986e-02 0.000000000000000000e+00 1.463433864947881746e+00
0.000000000000000000e+00 -7.370797130072144487e-02 0.000000000000000000e+00 0.000000000000000000e+00 0.000000000000000000e+00 1.272248029181670015e+00 -4.116267517027647621e-02 -7.467985457087218670e-02 -4.276482017767340577e-02 0.000000000000000000e+00
9.228765860827796708e-01 1.586838018154700380e+00 9.026881121391627794e-01 2.920199176559339360e-01 3.396857559233343871e-01 5.647213600771172626e-01 1.027937287926751653e+00 -1.289808967772120840e-01 -1.514590870701447156e-01 1.686852317649435662e+00
0.000000000000000000e+00 1.683226351596792680e+00 5.108844517216171166e-01 0.000000000000000000e+00 1.911241800640789412e+00 0.000000000000000000e+00 1.477466148502436960e+00 1.939577024626828017e+00 -1.437556338807273737e-01 0.000000000000000000e+00
0.000000000000000000e+00 -3.166875994738172027e-03 0.000000000000000000e+00 -1.670143658791460040e-01 -8.927989877758427117e-02 -1.572565362820089740e-01 0.000000000000000000e+00 -7.985923455483562305e-02 0.000000000000000000e+00 -1.139032311029878203e-01
