#Matriz 
-7.520664926708442444e-03 -4.484463079075278608e-02 1.940919336650116955e+00 1.019975471201890915e+00 2.258371134810475134e-01 -3.122332637456635279e-02 0.000000000000000000e+00 1.563473281828424266e+00 0.000000000000000000e+00 0.000000000000000000e+00
1.174865379527173515e+00 -5.903489913131203942e-02 0.000000000000000000e+00 1.286251938301205655e+00 1.971659991334884010e+00 -1.672044654616000603e-01 0.000000000000000000e+00 0.000000000000000000e+00 0.000000000000000000e+00 -1.170266573298149454e-01
-1.932396645720880213e-01 0.000000000000000000e+00 -6.026246724027883861e-02 0.000000000000000000e+00 0.000000000000000000e+00 0.000000000000000000e+00 -5.165091585471581759e-02 0.000000000000000000e+00 -8.922245475160789363e-02 0.000000000000000000e+00
-9.775488437090446014e-02 -1.774389209006989876e-01 0.000000000000000000e+00 -1.937745160978111558e-01 4.495526420607054430e-01 0.000000000000000000e+00 -1.862115410918848968e-01 0.000000000000000000e+00 -1.150248335633810293e-01 0.000000000000000000e+00
-1.925102542287032703e-01 -1.828829427303980681e-01 0.000000000000000000e+00 -1.936888612005427390e-02 -1.258467946094640189e-01 0.000000000000000000e+00 -8.273958957753596577e-02 7.844714566770476516e-01 -1.651154893189055450e-01 0.000000000000000000e+00
7.571794526694386462e-02 1.871165599081506370e+00 0.000000000000000000e+00 0.000000000000000000e+00 0.000000000000000000e+00 -2.810338672132677365e-02 1.820408136568258950e+00 0.000000000000000000e+00 0.000000000000000000e+00 0.000000000000000000e+00
0.000000000000000000e+00 0.000000000000000000e+00 1.605407107975869385e+00 1.012858532459463667e+00 3.998881550966901788e-01 -1.224852543731116267e-01 -1.274533154789595502e-01 1.503032552216005291e+00 0.000000000000000000e+00 0.000000000000000000e+00
-9.416457786991679069e-02 0.000000000000000000e+00 0.000000000000000000e+00 0.000000000000000000e+00 -6.592856484732255440e-02 0.000000000000000000e+00 -7.849899232413964922e-02 -1.221353775535995861e-01 -1.875302325870353837e-02 0.000000000000000000e+00
0.000000000000000000e+00 0.000000000000000000e+00 3.821776050229834798e-01 1.083769408216305852e+00 5.280908740557530567e-01 0.000000000000000000e+00 0.000000000000000000e+00 1.314375425692069221e-01 -4.478450346836413548e-02 -1.729139018290453411e-01
0.000000000000000000e+00 9.125818079945582362e-01 0.000000000000000000e+00 0.000000000000000000e+00 0.000000000000000000e+00 0.000000000000000000e+00 0.000000000000000000e+00 0.000000000000000000e+00 7.021374634081474220e-01 -6.481246281460207107e-03
