#Matriz 
-1.364300335771094774e-01 0.000000000000000000e+00 0.000000000000000000e+00 -7.645295434015371427e-02 1.254907359975669490e+00 0.000000000000000000e+00 0.000000000000000000e+00 -6.768844311710785211e-02 0.000000000000000000e+00 0.000000000000000000e+00
0.000000000000000000e+00 -4.743132131065441737e-02 -1.898716000045920227e-01 0.000000000000000000e+00 -1.996696593626225980e-01 -1.064967533602110411e-02 -1.486725358941441699e-01 0.000000000000000000e+00 0.000000000000000000e+00 -4.410042865892063735e-02
0.000000000000000000e+00 5.973202348824340202e-01 -1.958634499836791124e-02 0.000000000000000000e+00 5.727252248894738607e-01 1.952601451109241770e+00 1.593440835091610275e+00 0.000000000000000000e+00 1.613721035027328998e-01 0.000000000000000000e+00
8.685341599628277898e-01 0.000000000000000000e+00 0.000000000000000000e+00 -1.198265841676891680e-01 0.000000000000000000e+00 1.277134223541483093e+00 0.000000000000000000e+00 0.000000000000000000e+00 1.007168118892040498e+00 0.000000000000000000e+00
-1.366051019314836745e-01 9.273649115911910545e-01 -6.670874817475638818e-02 0.000000000000000000e+00 -7.189136460964254405e-02 0.000000000000000000e+00 1.044786415066613072e+00 0.000000000000000000e+00 -1.041080620414340865e-02 -6.010433506034607021e-02
0.000000000000000000e+00 4.116834375844167226e-01 -8.886460776425204877e-02 -1.822705965946807005e-01 0.000000000000000000e+00 -1.421255737210789238e-01 1.036442967441309371e+00 -1.925702925225597772e-01 0.000000000000000000e+00 0.000000000000000000e+00
0.000000000000000000e+00 1.830619349299086984e+00 -1.211487375241406678e-01 0.000000000000000000e+00 -1.500801117414409802e-01 -5.675570922993187356e-02 -2.115179767912030162e-02 0.000000000000000000e+00 0.000000000000000000e+00 -5.290465567567270710e-02
1.505345211066309474e+00 0.000000000000000000e+00 0.000000000000000000e+00 0.000000000000000000e+00 0.000000000000000000e+00 1.293063920960876301e+00 0.000000000000000000e+00 -1.270210422522455862e-01 1.604966218725043969e+00 0.000000000000000000e+00
0.000000000000000000e+00 0.000000000000000000e+00 -3.872118632643515440e-02 -1.420956316403115538e-01 1.329918594260610654e-01 0.000000000000000000e+00 0.000000000000000000e+00 -1.917834988888821313e-01 -8.176662688198527151e-02 -1.705826265320387058e-01
0.000000000000000000e+00 7.123459087128976019e-01 0.000000000000000000e+00 0.000000000000000000e+00 1.559329740496040229e+00 0.000000000000000000e+00 4.784133730230297754e-01 0.000000000000000000e+00 1.918702856596378403e+00 -1.569137944858529643e-01
