#Matriz 
-1.132182456296514927e-01 -1.676774348461966893e-02 1.201640571683114000e+00 0.000000000000000000e+00 0.000000000000000000e+00 -7.559410930161603037e-02 0.000000000000000000e+00 1.351135267789544958e+00 -7.736348115026468741e-02 1.726448812442557212e+00
1.313678026212192540e+00 -1.698255774982250221e-01 1.359417800327405113e+00 -7.172571186172087276e-02 0.000000000000000000e+00 3.178428529295640459e-02 0.000000000000000000e+00 1.892963378017010090e+00 0.000000000000000000e+00 1.601485021878550352e-01
-4.364894067670491151e-02 -6.565396556475014411e-02 -7.828393925836685252e-02 0.000000000000000000e+00 0.000000000000000000e+00 -1.714899591192805273e-01 0.000000000000000000e+00 -1.143699607690311509e-01 0.000000000000000000e+00 -1.564709134698617221e-01
0.000000000000000000e+00 9.146524031673952670e-02 0.000000000000000000e+00 -1.309630383177472768e-01 1.441471434218057457e+00 0.000000000000000000e+00 0.000000000000000000e+00 0.000000000000000000e+00 6.704241688503003171e-01 0.000000000000000000e+00
0.000000000000000000e+00 0.000000000000000000e+00 0.000000000000000000e+00 -1.968427968080300461e-01 -1.275166987959160392e-01 0.000000000000000000e+00 0.000000000000000000e+00 0.000000000000000000e+00 3.713481694647715603e-01 0.000000000000000000e+00
1.792737924750014145e+00 -1.448119734931126446e-01 3.085888932178098010e-01 0.000000000000000000e+00 0.000000000000000000e+00 -9.043134164456101409e-02 0.000000000000000000e+00 1.592984285906194009e+00 -6.115010317750535496e-02 1.861488410383155490e+00
0.000000000000000000e+00 0.000000000000000000e+00 0.000000000000000000e+00 0.000000000000000000e+00 0.000000000000000000e+00 0.000000000000000000e+00 -7.480302625099440050e-02 0.000000000000000000e+00 1.054498920200954037e+00 0.000000000000000000e+00
-9.265942664110847493e-02 -3.549806306431631253e-02 1.813783595360275669e+00 0.000000000000000000e+00 0.000000000000000000e+00 -7.021518445373811645e-02 0.000000000000000000e+00 -1.900192022910264233e-01 0.000000000000000000e+00 -6.478745009175015945e-02
1.264200642498641614e+00 0.000000000000000000e+00 0.000000000000000000e+00 -1.566737955475757671e-01 -1.070951402220593068e-01 1.195516089713440033e+00 -5.093382235683115156e-02 0.000000000000000000e+00 -1.246587414099054048e-02 0.000000000000000000e+00
-1.337202577918788493e-01 -2.175010125315133408e-02 1.971720152099759371e+00 0.000000000000000000e+00 0.000000000000000000e+00 -1.108158929250964708e-01 0.000000000000000000e+00 6.357584158722775491e-01 0.000000000000000000e+00 -3.723277254474706421e-02
