#Matriz 
-1.882486295824915279e-01 -3.223177785413185170e-02 -1.926677892276336956e-01 0.000000000000000000e+00 -6.266151287891151556e-02 0.000000000000000000e+00 -2.365519302696441825e-02 0.000000000000000000e+00 0.000000000000000000e+00 4.666700767708116260e-01
6.843978408387605405e-01 -1.452822862249558422e-01 1.752439329845028704e+00 0.000000000000000000e+00 0.000000000000000000e+00 0.000000000000000000e+00 0.000000000000000000e+00 0.000000000000000000e+00 0.000000000000000000e+00 1.430717428473086583e+00
9.750404073896716817e-01 -9.722377517145708303e-02 -3.959275633547132411e-02 0.000000000000000000e+00 -4.749506306110051757e-02 0.000000000000000000e+00 0.000000000000000000e+00 0.000000000000000000e+00 0.000000000000000000e+00 3.126182990288353114e-01
0.000000000000000000e+00 0.000000000000000000e+00 0.000000000000000000e+00 -1.120521592349245366e-01 3.464858370855399272e-01 2.888761420427485849e-01 1.078705304461460290e+00 5.985618261676084462e-01 4.008720198574542426e-01 0.000000000000000000e+00
1.505165985146702745e+00 0.000000000000000000e+00 1.927097202072657556e+00 -5.908191804434068800e-02 -3.612806675511742033e-02 8.809712315312052677e-01 3.371781258067310105e-01 5.550810677459858677e-01 1.514106081390082403e+00 0.000000000000000000e+00
0.000000000000000000e+00 0.000000000000000000e+00 0.000000000000000000e+00 -7.918995568339921853e-02 -1.436786428330243462e-02 -1.772879725119520453e-02 1.708035847101327276e+00 -7.863111213222034879e-02 4.833263942676235825e-01 0.000000000000000000e+00
1.543718621316917394e+00 0.000000000000000000e+00 0.000000000000000000e+00 -1.171097583040109219e-01 -1.797346403131342696e-01 -1.411206450610966445e-01 -6.143182711439054700e-02 -1.089062734132781735e-01 0.000000000000000000e+00 0.000000000000000000e+00
0.000000000000000000e+00 0.000000000000000000e+00 0.000000000000000000e+00 -1.849460250757244684e-01 -1.759791040901936918e-03 2.773358312220186583e-02 1.738734976747605909e+00 -8.475328809558464738e-02 1.799254528574431911e+00 0.000000000000000000e+00
0.000000000000000000e+00 0.000000000000000000e+00 0.000000000000000000e+00 -1.716604730643835341e-01 -5.739226977964539955e-02 -5.130731570876612135e-02 0.000000000000000000e+00 -1.749672482361722958e-01 -1.755258291921446556e-01 0.000000000000000000e+00
-7.942691545667338038e-02 -7.226054976504590888e-02 -1.482482497446890590e-01 0.000000000000000000e+00 0.000000000000000000e+00 0.000000000000000000e+00 0.000000000000000000e+00 0.000000000000000000e+00 0.000000000000000000e+00 -1.451665217675214004e-01
