#Matriz 
-4.571502969932594862e-02 8.758635762566362448e-01 0.000000000000000000e+00 1.493161202901856166e+00 0.000000000000000000e+00 -2.387892186195221880e-02 9.452936545628418674e-01 0.000000000000000000e+00 -1.253680413261928639e-01 5.634449055911314730e-01
-9.794760520566381246e-03 -1.636863634996153088e-02 0.000000000000000000e+00 0.000000000000000000e+00 0.000000000000000000e+00 -7.464372431233341765e-02 -7.691349542648795445e-02 0.000000000000000000e+00 -1.603010381512375293e-01 0.000000000000000000e+00
0.000000000000000000e+00 0.000000000000000000e+00 -4.703591078445808205e-02 0.000000000000000000e+00 0.000000000000000000e+00 0.000000000000000000e+00 0.000000000000000000e+00 0.000000000000000000e+00 9.208523529298253685e-01 0.000000000000000000e+00
-1.013061599575161287e-01 0.000000000000000000e+00 0.000000000000000000e+00 -6.780769531151469021e-02 -8.052000158957062920e-03 -1.854373654267671423e-01 -1.415409525883688513e-01 -1.989356180509227745e-01 -1.888074529483115271e-01 0.000000000000000000e+00
0.000000000000000000e+00 0.000000000000000000e+00 0.000000000000000000e+00 1.409921246229956404e+00 -8.220452913112528959e-02 0.000000000000000000e+00 0.000000000000000000e+00 0.000000000000000000e+00 -1.660061993679292913e-01 1.817834216875784392e-01
9.716387195635545204e-01 1.347249181275593344e+00 0.000000000000000000e+00 2.634012900354010256e-01 0.000000000000000000e+00 -7.869565737477790535e-02 1.071433502598731602e+00 0.000000000000000000e+00 -1.041923060378271426e-01 9.362031610307841589e-01
-1.662795586914968815e-01 6.793939616153015226e-01 0.000000000000000000e+00 1.873725126784286044e+00 0.000000000000000000e+00 -1.917128597296851311e-01 -1.386855553782145867e-01 0.000000000000000000e+00 -6.110805728824922345e-02 1.613076250557061053e+00
0.000000000000000000e+00 0.000000000000000000e+00 0.000000000000000000e+00 2.961650567465345940e-01 0.000000000000000000e+00 0.000000000000000000e+00 0.000000000000000000e+00 -1.838168887285778208e-01 -5.932761784412061978e-02 6.167642802857831175e-01
1.228235723478938946e+00 1.549579043389569533e+00 -2.108562774756850278e-02 5.248269905802125379e-01 1.555228327055942161e+00 9.731134006662585101e-01 9.496385417546775454e-01 1.918616327060962190e+00 -8.348498598445677765e-02 1.468370998576117747e+00
-9.581315037882287555e-02 0.000000000000000000e+00 0.000000000000000000e+00 0.000000000000000000e+00 -6.522404787654202153e-04 -1.927837307698082869e-01 -1.544136488609352265e-01 -2.160656722590777179e-02 -1.084860713959970441e-01 -1.921835119639254130e-01
