#Matriz 
-3.728451612119201147e-02 0.000000000000000000e+00 -1.224231379568494621e-02 0.000000000000000000e+00 -7.137389183889440714e-02 0.000000000000000000e+00 0.000000000000000000e+00 -5.812180190969260668e-02 -1.929759897773872801e-01 1.386303113984527657e+00
0.000000000000000000e+00 -1.370977246127682292e-01 -7.099378826092304917e-02 0.000000000000000000e+00 -1.350696097926801509e-01 6.432109261094207664e-01 0.000000000000000000e+00 -1.158073458293372576e-01 -1.001208355681508233e-01 0.000000000000000000e+00
1.527188563678003375e+00 1.418069269962082490e+00 -5.854078864199518950e-02 1.777156105206388670e+00 0.000000000000000000e+00 3.483349038769911754e-01 1.823780533282504113e-01 -5.550304051660633065e-02 9.515303799504788440e-01 6.243914194878166235e-01
0.000000000000000000e+00 0.000000000000000000e+00 -1.728411986339170037e-01 -9.486648017794219179e-02 0.000000000000000000e+00 0.000000000000000000e+00 0.000000000000000000e+00 -1.537305192873313353e-01 -1.984820121793151870e-01 0.000000000000000000e+00
1.625041400075350140e+00 1.697079992274676208e+00 0.000000000000000000e+00 0.000000000000000000e+00 -1.270629893710265856e-01 0.000000000000000000e+00 1.202861715853996705e+00 -1.214853226503796596e-01 1.402284035974424192e+00 0.000000000000000000e+00
0.000000000000000000e+00 -5.286397048401569876e-02 -4.857325842423614731e-02 0.000000000000000000e+00 0.000000000000000000e+00 -8.499328603341026189e-02 0.000000000000000000e+00 0.000000000000000000e+00 -3.809642618322692936e-02 0.000000000000000000e+00
0.000000000000000000e+00 0.000000000000000000e+00 -1.541377641057345427e-01 0.000000000000000000e+00 -1.957172368679702817e-02 0.000000000000000000e+00 -6.791121597113868036e-02 -1.747699908390545551e-02 0.000000000000000000e+00 0.000000000000000000e+00
2.233506910408984414e-01 1.853261168018667027e+00 1.420383731628269253e+00 6.162698610903736274e-01 1.710115612256407180e+00 0.000000000000000000e+00 8.865814811899470627e-01 -2.860930082619723980e-02 1.310036931440478725e+00 0.000000000000000000e+00
1.887446962561767361e-01 1.078555796709274706e+00 -1.748646454068495948e-01 2.107977294741458785e-01 -1.364590360738321129e-01 8.534926715423329924e-02 0.000000000000000000e+00 -1.031316186185790573e-01 -1.170000037668399301e-01 0.000000000000000000e+00
-1.197516809471615845e-01 0.000000000000000000e+00 -2.429431762997094277e-02 0.000000000000000000e+00 0.000000000000000000e+00 0.000000000000000000e+00 0.000000000000000000e+00 0.000000000000000000e+00 0.000000000000000000e+00 -1.131117127557212942e-01
