#Matriz 
-9.999964874792016678e-02 -1.824402456382723803e-01 0.000000000000000000e+00 7.771356472242436642e-01 0.000000000000000000e+00 0.000000000000000000e+00 -1.183477581337708112e-01 0.000000000000000000e+00 0.000000000000000000e+00 0.000000000000000000e+00
2.698870246088524993e-01 -6.679346874322745348e-03 4.944964768136148603e-01 7.017167997737636664e-01 0.000000000000000000e+00 1.617432425017197417e+00 2.927964119053902969e-01 -1.679676781176062811e-02 3.435726101715015357e-01 0.000000000000000000e+00
0.000000000000000000e+00 -9.868963070073402677e-02 -1.792715129942465679e-01 0.000000000000000000e+00 -1.409695146091567708e-01 1.286768310984507835e+00 1.524062622509752662e+00 0.000000000000000000e+00 1.369883035295406781e+00 0.000000000000000000e+00
-1.241481975936578747e-01 -1.431230527352164994e-01 0.000000000000000000e+00 -1.814832104404327101e-02 0.000000000000000000e+00 0.000000000000000000e+00 -9.915498878864538457e-03 0.000000000000000000e+00 0.000000000000000000e+00 -1.615336352947525089e-01
0.000000000000000000e+00 0.000000000000000000e+00 1.569471518949757005e+00 0.000000000000000000e+00 -7.718024563765289725e-02 5.547854074883995512e-01 3.809661652657199138e-01 -1.996255218475515292e-01 1.807268397247612901e+00 0.000000000000000000e+00
0.000000000000000000e+00 -1.287616469555891985e-01 -4.058470170284884937e-02 0.000000000000000000e+00 -1.987814887473058900e-01 -9.389751082050812325e-02 -4.910899958411912153e-02 0.000000000000000000e+00 0.000000000000000000e+00 0.000000000000000000e+00
1.283491884319727383e+00 -1.206968127369814105e-02 -1.791670775404150540e-01 1.049346283281152425e+00 -1.181661560181569981e-01 1.808478096373146160e+00 -1.636096415886975908e-01 0.000000000000000000e+00 1.455885426633691804e+00 0.000000000000000000e+00
0.000000000000000000e+00 4.961422888553741473e-01 0.000000000000000000e+00 0.000000000000000000e+00 1.420807200602930198e+00 0.000000000000000000e+00 0.000000000000000000e+00 -1.256648605818616038e-01 0.000000000000000000e+00 1.321021322706518175e+00
0.000000000000000000e+00 -1.261114686616222891e-01 -2.648993744804206685e-02 0.000000000000000000e+00 -1.909721708749076985e-01 0.000000000000000000e+00 -3.310150865126983838e-02 0.000000000000000000e+00 -1.880112635247575825e-01 0.000000000000000000e+00
0.000000000000000000e+00 0.000000000000000000e+00 0.000000000000000000e+00 4.883596164734482770e-01 0.000000000000000000e+00 0.000000000000000000e+00 0.000000000000000000e+00 -5.213777869756883870e-02 0.000000000000000000e+00 -1.611375041572739863e-01
