#Matriz 
-6.295969430651797427e-02 0.000000000000000000e+00 -1.793176903340190920e-01 0.000000000000000000e+00 4.336392418117653857e-01 8.698324184487644661e-01 0.000000000000000000e+00 0.000000000000000000e+00 0.000000000000000000e+00 -1.362091388932157032e-01
0.000000000000000000e+00 -8.139824688761249094e-02 -1.208009830339574764e-01 0.000000000000000000e+00 3.538933197681168874e-01 1.792510336771154345e+00 0.000000000000000000e+00 0.000000000000000000e+00 0.000000000000000000e+00 -8.360400908486075033e-02
1.469380402957885412e+00 6.319253811460521231e-01 -1.224147980122490681e-01 0.000000000000000000e+00 0.000000000000000000e+00 0.000000000000000000e+00 1.406800290791121455e+00 2.441039364849826310e-01 1.909012505557069916e+00 -1.820015377215380981e-01
0.000000000000000000e+00 0.000000000000000000e+00 0.000000000000000000e+00 -1.832512080539226984e-01 0.000000000000000000e+00 0.000000000000000000e+00 0.000000000000000000e+00 0.000000000000000000e+00 0.000000000000000000e+00 -6.392471781709334333e-02
-1.004920483565952954e-01 -2.301998159915532791e-02 0.000000000000000000e+00 0.000000000000000000e+00 -1.481582669566993693e-01 1.972918880381248297e+00 -1.702590729371652178e-01 -1.405098679268278195e-01 0.000000000000000000e+00 0.000000000000000000e+00
-1.535710798548473033e-01 -1.660023494754269968e-01 0.000000000000000000e+00 0.000000000000000000e+00 -1.653429721266399532e-01 -4.645861746224471539e-02 -7.873273212627991680e-02 -1.099503093299871587e-01 -1.552178067007110585e-01 0.000000000000000000e+00
0.000000000000000000e+00 0.000000000000000000e+00 -4.668620567179282421e-02 0.000000000000000000e+00 9.231937890696826354e-01 9.359559327507849247e-01 -1.039561299714318321e-01 0.000000000000000000e+00 0.000000000000000000e+00 -1.882507198853144992e-02
0.000000000000000000e+00 0.000000000000000000e+00 -8.755180678059155952e-02 0.000000000000000000e+00 1.096085709480620896e-01 4.110024428387768491e-01 0.000000000000000000e+00 -1.482600782783695947e-01 0.000000000000000000e+00 -1.128996869114094886e-01
0.000000000000000000e+00 0.000000000000000000e+00 -1.992332503309954816e-01 0.000000000000000000e+00 0.000000000000000000e+00 7.281795219726847623e-01 0.000000000000000000e+00 0.000000000000000000e+00 -1.257994382923963428e-01 -9.178458323744952130e-02
1.562208753984455800e+00 1.967163778470875535e+00 5.208348970828367008e-01 1.830079431370172927e+00 0.000000000000000000e+00 0.000000000000000000e+00 5.801555900894586060e-01 4.602452215307255567e-01 4.137116004594847407e-01 -3.010314325699403690e-03
