#Matriz 
-1.832207549603606378e-01 -1.144900854992232236e-01 -1.461699813977292706e-01 0.000000000000000000e+00 0.000000000000000000e+00 0.000000000000000000e+00 0.000000000000000000e+00 -3.471201035889990433e-02 0.000000000000000000e+00 0.000000000000000000e+00
5.393284067982087038e-01 -1.964083978118921769e-01 -4.585368936630052072e-02 -1.267567677340444843e-01 -1.380449918787669539e-01 0.000000000000000000e+00 1.863286007342555894e+00 -5.674925229417278338e-02 -8.564606336259160402e-02 -6.557315048238936128e-02
4.406783221490675473e-01 1.975387961777496759e+00 -2.565442584632391526e-02 1.399001348551758284e-01 0.000000000000000000e+00 0.000000000000000000e+00 1.292485541855918685e+00 0.000000000000000000e+00 0.000000000000000000e+00 1.075698956061986067e+00
0.000000000000000000e+00 1.055421402939842324e+00 -1.746077602731915812e-01 -1.566118453586888004e-01 -1.922284138389981911e-01 -2.769823616709816971e-02 0.000000000000000000e+00 -8.737665152605900154e-02 -1.712687722218132480e-01 1.645534668765904263e+00
0.000000000000000000e+00 1.548931083229877936e+00 0.000000000000000000e+00 5.904110709331675810e-01 -1.540787430574371564e-01 1.589808296151092426e+00 0.000000000000000000e+00 0.000000000000000000e+00 0.000000000000000000e+00 1.877583082179741014e+00
0.000000000000000000e+00 0.000000000000000000e+00 0.000000000000000000e+00 7.869528806231151918e-01 -1.304261131019714692e-01 -3.691574871851477715e-03 0.000000000000000000e+00 0.000000000000000000e+00 0.000000000000000000e+00 4.653837413892150110e-01
0.000000000000000000e+00 -1.348529331900713835e-01 -1.297599655916840955e-01 0.000000000000000000e+00 0.000000000000000000e+00 0.000000000000000000e+00 -1.153915817812272843e-01 0.000000000000000000e+00 0.000000000000000000e+00 0.000000000000000000e+00
1.161671050216450674e+00 9.966638490010191198e-01 0.000000000000000000e+00 1.917830331013033351e+00 0.000000000000000000e+00 0.000000000000000000e+00 0.000000000000000000e+00 -2.664957758976491814e-02 0.000000000000000000e+00 1.370556516757672538e+00
0.000000000000000000e+00 1.694513025758495273e+00 0.000000000000000000e+00 8.511399311413312407e-01 0.000000000000000000e+00 0.000000000000000000e+00 0.000000000000000000e+00 0.000000000000000000e+00 -3.164415288332502602e-02 7.674951083047609757e-03
0.000000000000000000e+00 7.678024226387551998e-01 -4.513797728980113722e-02 -1.967431955478834149e-01 -8.099536395121205434e-02 -1.040343542521262044e-01 0.000000000000000000e+00 -1.834632483961242122e-01 -1.090821570648791844e-01 -1.403997034747367367e-01
