#Matriz 
-1.770253947232818328e-02 -6.573669257289718737e-02 -1.154432006327812399e-01 0.000000000000000000e+00 0.000000000000000000e+00 -8.611518028976364314e-02 0.000000000000000000e+00 -9.947918773490252442e-02 0.000000000000000000e+00 -1.785623820905560821e-01
7.010963618431342859e-01 -2.523450565024376591e-02 0.000000000000000000e+00 1.112566096369311364e+00 0.000000000000000000e+00 0.000000000000000000e+00 0.000000000000000000e+00 0.000000000000000000e+00 0.000000000000000000e+00 -6.443686731334763440e-02
4.296486806903418998e-01 0.000000000000000000e+00 -1.947986375078795129e-01 1.502202215520862527e+00 0.000000000000000000e+00 0.000000000000000000e+00 -7.063074623690064613e-02 0.000000000000000000e+00 0.000000000000000000e+00 -1.575653953071014246e-01
0.000000000000000000e+00 -8.910768637708080253e-02 -3.613686386738936690e-02 -1.857543721379583124e-01 0.000000000000000000e+00 -1.198511494204849009e-01 0.000000000000000000e+00 -1.781712054098202880e-01 0.000000000000000000e+00 -8.280977022927689390e-02
0.000000000000000000e+00 0.000000000000000000e+00 0.000000000000000000e+00 0.000000000000000000e+00 -7.823916557251789361e-02 0.000000000000000000e+00 -6.157265442410797540e-03 0.000000000000000000e+00 0.000000000000000000e+00 -1.669022012180806924e-01
1.281828071842691097e+00 0.000000000000000000e+00 0.000000000000000000e+00 1.499106262770727005e+00 0.000000000000000000e+00 -1.419389224270698191e-01 -9.946078864087957994e-02 0.000000000000000000e+00 0.000000000000000000e+00 -1.293278662532577721e-02
0.000000000000000000e+00 0.000000000000000000e+00 1.049593093459356918e+00 0.000000000000000000e+00 3.962103201037725508e-01 1.911108488767449876e+00 -9.121778119316875655e-02 1.542016239587081117e+00 1.206388998349054553e+00 -1.143586124984612984e-01
1.046672655975658284e+00 0.000000000000000000e+00 0.000000000000000000e+00 1.743160506743366867e+00 0.000000000000000000e+00 0.000000000000000000e+00 -5.156060547020107493e-02 -8.035499298241287336e-02 0.000000000000000000e+00 -9.583851454412784313e-03
0.000000000000000000e+00 0.000000000000000000e+00 0.000000000000000000e+00 0.000000000000000000e+00 0.000000000000000000e+00 0.000000000000000000e+00 -1.720232457979632978e-01 0.000000000000000000e+00 -1.780094548885623740e-01 -1.380756335001996904e-01
3.417130171384803461e-01 4.158939810643391688e-01 1.361510211946023396e+00 8.479265766534260784e-01 2.175341014633620507e-01 1.200529320348522999e+00 8.924598414551145886e-01 2.775818371574991783e-01 6.416038653969859951e-01 -3.914461190126894419e-02
