#Matriz 
-8.280978128753449519e-02 -2.971630493480055535e-02 0.000000000000000000e+00 0.000000000000000000e+00 -1.310375295931106021e-01 0.000000000000000000e+00 0.000000000000000000e+00 0.000000000000000000e+00 -1.439076464182450499e-01 5.893760759563329010e-01
1.322596205391719293e+00 -7.218938955493069132e-02 1.147508750560437552e-01 1.563150959884509472e+00 0.000000000000000000e+00 1.096145495661870362e+00 5.642360397898298352e-01 5.356951546182453505e-02 0.000000000000000000e+00 1.581900166939537167e+00
0.000000000000000000e+00 -4.717548776752933382e-02 -1.201620849513942713e-01 -7.586145072453825966e-02 -1.998681483576618123e-01 0.000000000000000000e+00 0.000000000000000000e+00 1.759153651075397784e+00 -1.432870687880612726e-01 3.768270230793102638e-01
0.000000000000000000e+00 -6.518872477588531777e-02 1.981680764425727714e+00 -1.380972714858023087e-01 0.000000000000000000e+00 0.000000000000000000e+00 0.000000000000000000e+00 0.000000000000000000e+00 -1.228774198768247117e-01 0.000000000000000000e+00
1.711064013003274598e+00 0.000000000000000000e+00 2.595135454776429373e-01 0.000000000000000000e+00 -1.582742968917149329e-01 1.105831197037317803e+00 1.854975893783044061e-01 5.168317543651810286e-01 0.000000000000000000e+00 1.779028415050145195e+00
0.000000000000000000e+00 -1.975052301955184941e-01 0.000000000000000000e+00 0.000000000000000000e+00 -1.528291361907014312e-01 -3.635128375196607781e-02 9.670907316443431156e-01 1.788585649187904636e+00 -7.227445122794549925e-02 0.000000000000000000e+00
0.000000000000000000e+00 -1.458238786338316995e-01 0.000000000000000000e+00 0.000000000000000000e+00 -1.430887954861583822e-01 -1.725264690279283142e-01 -1.712476225241416350e-01 0.000000000000000000e+00 0.000000000000000000e+00 0.000000000000000000e+00
0.000000000000000000e+00 -1.149537105660355246e-01 -1.489649248507694812e-01 0.000000000000000000e+00 -1.210740277936523529e-01 -1.493442290672695738e-01 0.000000000000000000e+00 -1.652242420620418373e-01 0.000000000000000000e+00 0.000000000000000000e+00
1.481894918435443298e+00 0.000000000000000000e+00 5.060147337466580630e-02 1.144802494536358850e+00 0.000000000000000000e+00 2.259547783974642510e-01 0.000000000000000000e+00 0.000000000000000000e+00 -5.865539945692180290e-02 6.903341554542639091e-01
-7.228072553992699600e-02 -1.752488155931532232e-01 -1.148995400341364104e-01 0.000000000000000000e+00 -4.285271143538205152e-02 0.000000000000000000e+00 0.000000000000000000e+00 0.000000000000000000e+00 -1.487342472603654098e-01 -1.038686434773523071e-01
