#Matriz 
-1.916397871636410788e-01 0.000000000000000000e+00 0.000000000000000000e+00 5.745836220867770461e-01 1.925832970592992410e+00 0.000000000000000000e+00 8.481696606777677783e-01 1.022086112639808420e-01 5.533387604797423975e-02 9.921396142451859301e-01
0.000000000000000000e+00 -1.657166965784671042e-01 -5.732788085938538697e-02 0.000000000000000000e+00 -1.659059603692234208e-01 0.000000000000000000e+00 -1.764426005917069107e-01 -2.420252768341613330e-03 -8.163166029843189897e-02 -9.744703988424495422e-02
0.000000000000000000e+00 1.938318590677412967e+00 -6.182504662816872693e-02 0.000000000000000000e+00 -4.090710379242188527e-02 -2.455283084991915013e-02 -1.615053330692586275e-01 0.000000000000000000e+00 -1.469311283777636479e-01 -1.278729689285756921e-01
-1.259399133788998704e-01 0.000000000000000000e+00 0.000000000000000000e+00 -2.702470217348158787e-02 0.000000000000000000e+00 0.000000000000000000e+00 0.000000000000000000e+00 6.430357792698528918e-01 0.000000000000000000e+00 1.256806919388053778e-02
-1.285155656810672668e-02 1.582426929490584389e+00 6.586586210728850865e-01 0.000000000000000000e+00 -7.554641051903224214e-02 3.452480277454201829e-01 0.000000000000000000e+00 0.000000000000000000e+00 0.000000000000000000e+00 0.000000000000000000e+00
0.000000000000000000e+00 0.000000000000000000e+00 9.174228150666299264e-01 0.000000000000000000e+00 -1.062428995978763890e-01 -8.446646890875691982e-02 0.000000000000000000e+00 0.000000000000000000e+00 0.000000000000000000e+00 -1.213372979123952533e-01
-1.812244401034703578e-01 1.779522606416100050e+00 1.277784662528905768e+00 0.000000000000000000e+00 0.000000000000000000e+00 0.000000000000000000e+00 -8.336995167257138517e-02 0.000000000000000000e+00 0.000000000000000000e+00 -5.102006777460586090e-02
-2.532692959218878562e-02 1.237847176623873446e+00 0.000000000000000000e+00 -9.563574569008326254e-02 0.000000000000000000e+00 0.000000000000000000e+00 0.000000000000000000e+00 -6.060916922617076881e-03 0.000000000000000000e+00 0.000000000000000000e+00
-8.757008712509424531e-02 1.441867557487257701e+00 9.574831704658686160e-01 0.000000000000000000e+00 0.000000000000000000e+00 0.000000000000000000e+00 0.000000000000000000e+00 0.000000000000000000e+00 -8.083580780865884038e-03 0.000000000000000000e+00
-1.499563675905609406e-01 1.743231529828508153e+00 5.554934631428458669e-01 -1.335328802957062022e-01 0.000000000000000000e+00 1.804430102232135180e+00 1.566440046637429528e+00 0.000000000000000000e+00 0.000000000000000000e+00 -1.959045513288601992e-01
