#Matriz 
-2.549589120582387500e-02 -2.158983577880690952e-02 0.000000000000000000e+00 0.000000000000000000e+00 -4.694652208286807099e-02 0.000000000000000000e+00 -2.088522627887783381e-02 3.798826184002295214e-01 0.000000000000000000e+00 -1.144113746532257059e-01
3.719675633704893070e-01 -3.674464930349148617e-02 0.000000000000000000e+00 0.000000000000000000e+00 6.867709328735582819e-01 1.758704489972687357e+00 -5.936549557690358470e-02 1.951259352334265840e+00 0.000000000000000000e+00 -1.215234271615733830e-01
0.000000000000000000e+00 0.000000000000000000e+00 -3.924254137223810723e-02 0.000000000000000000e+00 0.000000000000000000e+00 0.000000000000000000e+00 0.000000000000000000e+00 0.000000000000000000e+00 1.890834931106400774e+00 0.000000000000000000e+00
0.000000000000000000e+00 0.000000000000000000e+00 0.000000000000000000e+00 -7.330211837582579354e-03 -5.661717044799463583e-02 0.000000000000000000e+00 -2.151322871401162382e-03 -1.181946771912312233e-02 1.114754056441864982e+00 -1.350410120949330217e-01
1.717265208936939347e+00 -8.557821046748136096e-02 0.000000000000000000e+00 1.832565562313438257e+00 -4.283735565458817590e-02 0.000000000000000000e+00 -1.580837844195401298e-01 2.207989983050717697e-01 0.000000000000000000e+00 -1.612408473954033972e-01
0.000000000000000000e+00 -4.001633662000985553e-02 0.000000000000000000e+00 0.000000000000000000e+00 0.000000000000000000e+00 -1.998238342055914663e-01 0.000000000000000000e+00 0.000000000000000000e+00 0.000000000000000000e+00 0.000000000000000000e+00
6.092004829736148430e-01 3.192300870460225148e-01 0.000000000000000000e+00 1.904248520392577637e+00 4.035287409509660250e-01 0.000000000000000000e+00 -2.289492157770840752e-02 8.781825729701013827e-01 1.424646886419037806e+00 0.000000000000000000e+00
-1.370978304281670057e-01 -6.378929427541180086e-02 0.000000000000000000e+00 1.188951099689535384e+00 -1.675347110509412540e-01 0.000000000000000000e+00 -1.036061660032726595e-01 -1.424088310969632842e-01 0.000000000000000000e+00 -3.769563109779479337e-02
0.000000000000000000e+00 0.000000000000000000e+00 -1.522339275131021907e-01 -6.146153910573004704e-03 0.000000000000000000e+00 0.000000000000000000e+00 -1.124366685209374772e-01 0.000000000000000000e+00 -1.194624899816197350e-01 -1.110139274599086746e-03
4.178009689263715298e-01 2.393534152679397398e-01 0.000000000000000000e+00 1.717418261491968634e+00 6.966848264344025488e-01 0.000000000000000000e+00 0.000000000000000000e+00 1.499508810326568353e+00 5.003704229652956581e-01 -4.632335368681570614e-02
