#Matriz 
-1.724136324314033963e-01 8.372075389344217911e-01 0.000000000000000000e+00 1.630312690970923128e+00 4.422067734946399931e-02 8.723374217835471178e-01 0.000000000000000000e+00 1.518604239142048451e+00 1.692773367954403252e+00 0.000000000000000000e+00
-1.865762897867452030e-01 -2.331341726059732531e-03 0.000000000000000000e+00 0.000000000000000000e+00 -1.019893017844439309e-01 0.000000000000000000e+00 1.866377067668553602e+00 0.000000000000000000e+00 -8.727150746681069937e-02 3.553371021035065525e-01
0.000000000000000000e+00 0.000000000000000000e+00 -6.356428930416842260e-02 -9.837863743173985709e-02 -8.761326215956533048e-02 -1.855969680993849735e-01 0.000000000000000000e+00 0.000000000000000000e+00 0.000000000000000000e+00 0.000000000000000000e+00
-1.569832261128214779e-01 0.000000000000000000e+00 8.386666915747742479e-03 -1.814974089219182629e-01 0.000000000000000000e+00 0.000000000000000000e+00 1.232941381542908221e+00 0.000000000000000000e+00 -7.762059552139861929e-02 4.694561836427757484e-02
-5.067183263128199194e-02 7.123842635792281275e-01 1.523344263365635554e+00 0.000000000000000000e+00 -1.334695922517450430e-02 0.000000000000000000e+00 0.000000000000000000e+00 2.387383369449005421e-01 0.000000000000000000e+00 0.000000000000000000e+00
-9.099125717842906913e-02 0.000000000000000000e+00 1.293964764017343505e+00 0.000000000000000000e+00 0.000000000000000000e+00 -1.356680753631036018e-01 0.000000000000000000e+00 0.000000000000000000e+00 0.000000000000000000e+00 1.432719121022998809e+00
0.000000000000000000e+00 -1.760852450627521659e-01 0.000000000000000000e+00 -6.562117294405445111e-02 0.000000000000000000e+00 0.000000000000000000e+00 -1.786007178552608543e-01 -1.004426772166270299e-01 0.000000000000000000e+00 -5.310399297310171296e-02
-1.181701567006112064e-01 0.000000000000000000e+00 0.000000000000000000e+00 0.000000000000000000e+00 -1.377733016469803173e-01 0.000000000000000000e+00 1.115308543408755293e+00 -6.460466023124958324e-02 -6.158041539662731378e-02 1.480643485841434792e+00
-1.680029187623721942e-01 1.601217291244779739e+00 0.000000000000000000e+00 6.428846334502114068e-01 0.000000000000000000e+00 0.000000000000000000e+00 0.000000000000000000e+00 1.013557969735183750e+00 -1.636108120379250741e-01 0.000000000000000000e+00
0.000000000000000000e+00 -1.180520616569743358e-01 0.000000000000000000e+00 -1.170819410937705696e-01 0.000000000000000000e+00 -7.772873293526452732e-02 6.459283642507636092e-01 -1.198997474851243306e-01 0.000000000000000000e+00 -9.667399847788618605e-02
