#Matriz 
-3.561919245247120724e-02 1.245347174260154288e+00 -1.370136868678002440e-01 -1.598386184782160380e-01 -1.355881235852927358e-01 0.000000000000000000e+00 0.000000000000000000e+00 0.000000000000000000e+00 0.000000000000000000e+00 -1.090941507865572230e-01
-1.722739553756184316e-01 -2.673013193220752370e-02 -2.873006127029007623e-02 0.000000000000000000e+00 -1.837925593519107448e-01 -6.763391682636758773e-02 0.000000000000000000e+00 -1.458675855333352034e-01 0.000000000000000000e+00 -1.453877137390046648e-01
1.240684047941332357e+00 1.724706765724819180e+00 -1.265274131607730668e-01 0.000000000000000000e+00 -1.746868391954302102e-01 1.591020985084699690e+00 -1.622577414169086296e-01 0.000000000000000000e+00 6.755059993893728354e-01 0.000000000000000000e+00
1.834791249653177303e+00 0.000000000000000000e+00 0.000000000000000000e+00 -2.550711709431774388e-02 -1.084914302623418147e-01 5.337130319020833014e-04 0.000000000000000000e+00 0.000000000000000000e+00 0.000000000000000000e+00 0.000000000000000000e+00
1.567945970457171656e+00 3.415786577366395349e-01 5.785848128441275495e-01 1.380088911853678102e+00 -1.503529843227420226e-01 2.670135671851034953e-01 2.436932736513204301e-01 1.514971009078738495e+00 1.548893232944468235e-01 2.397395824095389649e-01
0.000000000000000000e+00 3.228478770543377063e-01 -1.822330016355792892e-01 -9.453606023385646706e-02 -4.501931532889802412e-03 -1.166546157407779595e-02 0.000000000000000000e+00 0.000000000000000000e+00 0.000000000000000000e+00 -2.252813383445071566e-02
0.000000000000000000e+00 0.000000000000000000e+00 1.413008533429402469e+00 0.000000000000000000e+00 -1.775171464854374825e-01 0.000000000000000000e+00 -1.848181234710988274e-02 0.000000000000000000e+00 7.011082919437372496e-02 0.000000000000000000e+00
0.000000000000000000e+00 1.368918293075440662e+00 0.000000000000000000e+00 0.000000000000000000e+00 -1.302940530899713845e-01 0.000000000000000000e+00 0.000000000000000000e+00 -1.054476200289173465e-01 0.000000000000000000e+00 0.000000000000000000e+00
0.000000000000000000e+00 0.000000000000000000e+00 -1.506975486056643110e-01 0.000000000000000000e+00 -2.775946037843994921e-02 0.000000000000000000e+00 -7.645498019056918074e-03 0.000000000000000000e+00 -1.611704653041241483e-02 -3.713858448989917210e-02
2.241654963042043480e-01 4.462739799214465730e-01 0.000000000000000000e+00 0.000000000000000000e+00 -1.462317980681918927e-01 1.936753627038336978e+00 0.000000000000000000e+00 0.000000000000000000e+00 1.488188689316046975e+00 -1.334801727799167781e-01
