#Matriz 
-2.950962648025166196e-02 7.268597111210015616e-01 9.264948997477429060e-01 3.480747184274151085e-01 1.355190846057821252e+00 0.000000000000000000e+00 1.062368794852464937e+00 -1.201003073009054931e-03 -2.722885565009958153e-02 1.224544859828582410e+00
-1.880437315484153327e-01 -2.794684419039243986e-02 0.000000000000000000e+00 0.000000000000000000e+00 0.000000000000000000e+00 -1.178154999937492536e-01 0.000000000000000000e+00 -1.569483857905672464e-01 0.000000000000000000e+00 0.000000000000000000e+00
-1.761378495553553025e-01 0.000000000000000000e+00 -7.266822615312507581e-03 1.156803768711943015e+00 -1.788421079982032216e-02 0.000000000000000000e+00 -1.471551398882715855e-01 -1.717613377740445646e-02 0.000000000000000000e+00 -9.659746261108559384e-02
-4.095263614017688458e-02 0.000000000000000000e+00 -7.069081070552003798e-02 -1.717195919522485200e-03 0.000000000000000000e+00 0.000000000000000000e+00 0.000000000000000000e+00 0.000000000000000000e+00 0.000000000000000000e+00 0.000000000000000000e+00
-1.888061064773599029e-01 0.000000000000000000e+00 1.947619306703669118e+00 0.000000000000000000e+00 -3.553164660065737807e-02 -5.871634602336084363e-02 1.105304363252804123e+00 -1.230863309501877140e-01 0.000000000000000000e+00 1.604424620890014808e-01
0.000000000000000000e+00 1.367629340553226269e+00 0.000000000000000000e+00 0.000000000000000000e+00 3.519839484742528501e-01 -1.785863699060772636e-01 8.429402680052564545e-01 -9.154434044073088417e-02 0.000000000000000000e+00 1.058764608522607453e+00
-1.709428792648686468e-01 0.000000000000000000e+00 4.907484425993238197e-01 0.000000000000000000e+00 -9.422185953064590724e-02 -1.350261318000162414e-01 -1.118070158466845099e-01 -9.155991647392745791e-02 0.000000000000000000e+00 -2.930552619598900815e-02
9.642150043321495723e-01 4.808058862846453785e-01 5.659923574673404456e-01 0.000000000000000000e+00 1.978011837207928281e+00 1.186177943890746489e+00 3.744639530966540342e-01 -1.977698458512082980e-01 1.645214979809102251e+00 5.504366588083908773e-02
1.345425156245120046e+00 0.000000000000000000e+00 0.000000000000000000e+00 0.000000000000000000e+00 0.000000000000000000e+00 0.000000000000000000e+00 0.000000000000000000e+00 -3.561333639396618150e-02 -5.742825278761479191e-02 0.000000000000000000e+00
-1.433516247591558324e-01 0.000000000000000000e+00 1.882592526822459478e+00 0.000000000000000000e+00 -3.652412111062952604e-02 -9.223278273341906086e-02 9.491411043474922149e-01 -4.317707493883347208e-02 0.000000000000000000e+00 -6.200278207333747432e-02
