#Matriz 
-1.657545238170774482e-01 4.552297069532575957e-01 3.939956367208947707e-01 1.261593236653159922e+00 1.573976842667496490e+00 -1.899034260657028912e-03 0.000000000000000000e+00 8.065334047796679506e-01 0.000000000000000000e+00 0.000000000000000000e+00
-1.776422866676916623e-01 -6.979534969008305278e-02 0.000000000000000000e+00 0.000000000000000000e+00 0.000000000000000000e+00 0.000000000000000000e+00 -1.788511469406139365e-01 0.000000000000000000e+00 -1.571946233319736208e-01 -1.807198274410405647e-01
-1.254557065157762830e-01 0.000000000000000000e+00 -1.106791847906309495e-01 0.000000000000000000e+00 0.000000000000000000e+00 0.000000000000000000e+00 -4.522783768837301821e-02 0.000000000000000000e+00 -1.043881420769734447e-01 -1.921827312687236777e-02
-1.357371081710090355e-01 0.000000000000000000e+00 0.000000000000000000e+00 -1.500884853394224283e-02 4.211970302358349905e-01 0.000000000000000000e+00 -1.591375134498895505e-01 9.474565176608951145e-01 -1.829647457692969992e-01 -3.343110389642731800e-02
-8.277561590590765128e-02 0.000000000000000000e+00 0.000000000000000000e+00 -1.615618745972550174e-01 -9.763159056819210868e-02 0.000000000000000000e+00 -8.128380185097693056e-02 0.000000000000000000e+00 -9.482794249728430935e-02 0.000000000000000000e+00
3.452654456435226837e-01 0.000000000000000000e+00 0.000000000000000000e+00 0.000000000000000000e+00 0.000000000000000000e+00 -1.626327078478140287e-01 6.487154619446471315e-01 0.000000000000000000e+00 1.658953802837838554e+00 1.677806747941306131e+00
0.000000000000000000e+00 1.480754778388014392e+00 2.384755796711977016e-01 1.640760088840869324e+00 5.408908404519388036e-01 -4.006080195769277236e-02 -1.097954406025452023e-01 4.205653192956935182e-01 0.000000000000000000e+00 -1.999154429194403559e-01
-1.421054646428999424e-01 0.000000000000000000e+00 0.000000000000000000e+00 -7.722585952149692290e-02 0.000000000000000000e+00 0.000000000000000000e+00 -7.483314262068152534e-02 -1.607852496580884638e-01 -1.595088622780704976e-03 0.000000000000000000e+00
0.000000000000000000e+00 1.951530233532242420e+00 1.879104708763643883e+00 1.951480645342658082e-01 1.946925252333877143e+00 -1.434060306008033692e-01 0.000000000000000000e+00 2.343784605699199552e-01 -1.444512692675536392e-01 0.000000000000000000e+00
0.000000000000000000e+00 1.184605681296034829e+00 8.519683834471081241e-02 1.955983620532079525e+00 0.000000000000000000e+00 -1.524002599018295101e-01 1.640397753568887840e+00 0.000000000000000000e+00 0.000000000000000000e+00 -1.210879384049396990e-01
