#Matriz 
-4.560979946462040413e-02 -5.931116593157914618e-02 0.000000000000000000e+00 0.000000000000000000e+00 0.000000000000000000e+00 -1.725496482673287701e-01 0.000000000000000000e+00 -3.293764512024601604e-02 -1.783701854184850111e-01 -8.274322757002486317e-02
1.950084379683393099e+00 -1.283147834950598420e-01 1.143653982238728162e+00 9.753969645743487682e-02 -1.686649513081511786e-01 1.151588636258618070e-01 1.881630677423935749e+00 0.000000000000000000e+00 0.000000000000000000e+00 0.000000000000000000e+00
0.000000000000000000e+00 -9.207817329171104348e-02 -1.290467098981815386e-01 -6.500391688914879118e-02 0.000000000000000000e+00 0.000000000000000000e+00 -1.970933986216014400e-01 -1.392579302927976666e-03 -1.355888139561250427e-01 -1.918038853348746631e-01
0.000000000000000000e+00 -1.314374745534631905e-01 1.996697455177357972e+00 -9.736615196655469540e-02 0.000000000000000000e+00 0.000000000000000000e+00 0.000000000000000000e+00 0.000000000000000000e+00 0.000000000000000000e+00 -4.034877154864797977e-02
0.000000000000000000e+00 8.715207930777382206e-01 0.000000000000000000e+00 0.000000000000000000e+00 -1.972438622388626439e-01 0.000000000000000000e+00 0.000000000000000000e+00 1.188409922616211478e-01 0.000000000000000000e+00 7.800937347126140065e-01
1.554493070649087594e+00 -1.518918619218168897e-01 0.000000000000000000e+00 0.000000000000000000e+00 0.000000000000000000e+00 -5.452987349053062781e-03 -1.695553781460290609e-03 0.000000000000000000e+00 0.000000000000000000e+00 -1.407127053808959194e-01
0.000000000000000000e+00 -3.259986256282521033e-02 1.161210185120039595e+00 0.000000000000000000e+00 0.000000000000000000e+00 1.003766259695332064e+00 -7.669796851766692847e-02 -1.268280315888426768e-01 -9.568538612373195251e-02 -1.643167483102776494e-01
1.692004028658373738e-01 0.000000000000000000e+00 3.184972666385259554e-01 0.000000000000000000e+00 -1.034261545991891351e-01 0.000000000000000000e+00 5.866493417235287833e-01 -1.356277744457062284e-01 0.000000000000000000e+00 0.000000000000000000e+00
6.119911734499055012e-01 0.000000000000000000e+00 5.093618519173899184e-01 0.000000000000000000e+00 0.000000000000000000e+00 0.000000000000000000e+00 2.902155061089266574e-01 0.000000000000000000e+00 -1.892811367811144951e-01 -1.240500990898744105e-01
5.471907240182469767e-01 0.000000000000000000e+00 1.848437843012741721e+00 8.287382178942923616e-01 -1.669542514206651673e-01 1.246629784450195899e+00 1.077190208697535123e+00 0.000000000000000000e+00 7.889004810245237032e-02 -1.009671048651344383e-01
