#Matriz 
-9.223038369190746100e-02 0.000000000000000000e+00 -3.687064620692024480e-02 -1.571615373111412417e-01 1.811046709991907422e+00 -1.981414819533168226e-01 -1.588738385069499714e-01 0.000000000000000000e+00 0.000000000000000000e+00 -1.803006320018785968e-01
0.000000000000000000e+00 -1.818586718593536988e-01 8.410016053064424124e-01 1.346738400244705369e+00 0.000000000000000000e+00 0.000000000000000000e+00 0.000000000000000000e+00 0.000000000000000000e+00 9.254161284685680222e-02 1.004047383163860330e+00
1.881865880362123544e+00 -5.000202237825499690e-02 -7.493772770671876249e-02 7.243953914441756403e-01 5.261220524183474190e-01 -1.185052706658535487e-01 -1.026232924176353513e-02 0.000000000000000000e+00 1.074937425168829064e+00 4.379980596512251800e-01
2.337927419452507927e-01 -1.855072807913617228e-01 -1.904739860667522267e-01 -1.902955636157440400e-01 0.000000000000000000e+00 0.000000000000000000e+00 0.000000000000000000e+00 0.000000000000000000e+00 0.000000000000000000e+00 -6.029394424375100758e-02
-1.281011087398909176e-01 0.000000000000000000e+00 -1.336463100089278766e-01 0.000000000000000000e+00 -5.838972881112434316e-02 -7.065190478957859843e-02 -1.750431132227009690e-01 0.000000000000000000e+00 -2.786060939940238068e-02 0.000000000000000000e+00
6.960836359431152864e-01 0.000000000000000000e+00 3.587193821641743163e-01 0.000000000000000000e+00 6.656010121999018647e-01 -1.400818516054540275e-01 0.000000000000000000e+00 3.907285496151806647e-01 0.000000000000000000e+00 1.373077965911884801e+00
1.332540362691213121e+00 0.000000000000000000e+00 1.795911907753020120e+00 0.000000000000000000e+00 9.972965408293446021e-01 0.000000000000000000e+00 -8.057223171998284528e-02 6.385619449475603560e-01 0.000000000000000000e+00 0.000000000000000000e+00
0.000000000000000000e+00 0.000000000000000000e+00 0.000000000000000000e+00 0.000000000000000000e+00 0.000000000000000000e+00 -1.420784037966160984e-01 -2.089927013466508221e-02 -1.953213114326490807e-01 -7.947701491195280354e-03 0.000000000000000000e+00
0.000000000000000000e+00 -1.455321134706550334e-01 -4.849012714208294356e-02 0.000000000000000000e+00 7.235303687331202660e-01 0.000000000000000000e+00 0.000000000000000000e+00 6.625897170124683822e-01 -1.040340661340367623e-01 -1.553584590720259173e-01
3.394073573583364922e-01 -8.507787400656992294e-02 -1.203235186794261724e-01 6.648986998964709905e-01 0.000000000000000000e+00 -1.723083642217771161e-01 0.000000000000000000e+00 0.000000000000000000e+00 3.922724187480921554e-01 -1.563908399703243246e-01
