#Matriz 
-6.386841868837626890e-02 0.000000000000000000e+00 0.000000000000000000e+00 0.000000000000000000e+00 -2.455266430631204699e-02 8.158503843442370673e-01 0.000000000000000000e+00 7.368800710027700873e-02 9.258358913319948424e-01 0.000000000000000000e+00
0.000000000000000000e+00 -3.609366163200471850e-02 0.000000000000000000e+00 1.705490512015469529e+00 0.000000000000000000e+00 -1.701455250319679757e-01 0.000000000000000000e+00 -8.052447877375053242e-02 -1.008868121637672560e-01 1.809025989346050967e+00
0.000000000000000000e+00 0.000000000000000000e+00 -3.543615925538845610e-03 0.000000000000000000e+00 0.000000000000000000e+00 -1.754513142791180313e-01 0.000000000000000000e+00 -1.857255338142084211e-01 -8.784216553403829952e-02 0.000000000000000000e+00
0.000000000000000000e+00 -1.579277639559383828e-01 0.000000000000000000e+00 -1.469717944796009867e-01 0.000000000000000000e+00 0.000000000000000000e+00 0.000000000000000000e+00 -1.364298317432870167e-01 0.000000000000000000e+00 0.000000000000000000e+00
1.910670208906914969e+00 0.000000000000000000e+00 0.000000000000000000e+00 0.000000000000000000e+00 -1.066700571163653466e-01 7.762455382461717068e-01 0.000000000000000000e+00 9.837243611666079968e-01 1.890318297595566799e+00 0.000000000000000000e+00
-1.040451481992807348e-01 1.054070378223619375e-01 4.955326008364906443e-01 0.000000000000000000e+00 -6.813740590432671058e-03 -6.972737100785471320e-02 1.832826845671615024e+00 0.000000000000000000e+00 0.000000000000000000e+00 1.894927906979754439e+00
0.000000000000000000e+00 0.000000000000000000e+00 0.000000000000000000e+00 0.000000000000000000e+00 0.000000000000000000e+00 -1.265546555699231523e-01 -4.291164329506072517e-02 -4.165603878608761801e-02 -6.246739813686295190e-02 0.000000000000000000e+00
-1.466676213658117400e-01 8.163037003815079018e-01 1.857280913458554839e+00 6.054446592179776321e-01 -4.646149030194513148e-03 0.000000000000000000e+00 9.789248554007996539e-01 -1.047003705585635436e-01 1.553243876581236860e+00 1.325371568313467252e+00
-8.900014064041906689e-03 2.815085386499867059e-01 3.992829627142571169e-01 0.000000000000000000e+00 -9.502427860561102335e-03 0.000000000000000000e+00 1.406124154426355188e+00 -8.707641819970989017e-02 -4.746939706423345534e-02 4.577543644156960578e-01
0.000000000000000000e+00 -1.980728489136382720e-01 0.000000000000000000e+00 0.000000000000000000e+00 0.000000000000000000e+00 -1.891240368421076845e-01 0.000000000000000000e+00 -1.714087254772624636e-01 -1.162296098068553163e-01 -1.336339368807736572e-01
