#Matriz 
-8.287340112778407430e-02 0.000000000000000000e+00 0.000000000000000000e+00 8.918346570740436352e-01 0.000000000000000000e+00 9.376331271868050266e-01 0.000000000000000000e+00 3.684868994034864453e-01 1.607626519318234193e+00 1.789468110945692025e+00
0.000000000000000000e+00 -1.384904770322493150e-01 -2.007214053913528723e-02 1.188438884254869210e+00 0.000000000000000000e+00 0.000000000000000000e+00 0.000000000000000000e+00 0.000000000000000000e+00 5.265603274230423736e-02 0.000000000000000000e+00
0.000000000000000000e+00 4.109826466342720863e-01 -1.295724219253431564e-01 1.356490864861291445e+00 0.000000000000000000e+00 6.980398354024597296e-02 7.456465572846626699e-01 1.449791816062964367e+00 1.675163194395723476e-01 1.876683021441553301e+00
-2.925927997894817167e-02 -1.738698881009383135e-01 -6.726130235198160556e-02 -1.018472889763930855e-01 0.000000000000000000e+00 0.000000000000000000e+00 -1.920204662912861071e-01 0.000000000000000000e+00 0.000000000000000000e+00 -4.418830716406579179e-02
0.000000000000000000e+00 0.000000000000000000e+00 0.000000000000000000e+00 0.000000000000000000e+00 -1.369528630025045393e-02 0.000000000000000000e+00 0.000000000000000000e+00 0.000000000000000000e+00 1.856259230662446358e+00 0.000000000000000000e+00
-1.798660979927871051e-01 0.000000000000000000e+00 -1.011918306214168450e-01 0.000000000000000000e+00 0.000000000000000000e+00 -8.715699886510928918e-02 -1.233004732290437222e-01 -1.839652551805347480e-01 5.331095642002938728e-01 0.000000000000000000e+00
0.000000000000000000e+00 0.000000000000000000e+00 -1.498345577092851655e-01 1.467393737507208140e+00 0.000000000000000000e+00 5.696220639993168078e-01 -9.007318932129740330e-02 1.854218282611892921e+00 0.000000000000000000e+00 1.753622495900186262e+00
-1.339422061923954133e-01 0.000000000000000000e+00 -3.393859960416176907e-02 0.000000000000000000e+00 0.000000000000000000e+00 1.900894768796934642e+00 -1.131950064927587651e-01 -9.823024484880385487e-02 0.000000000000000000e+00 1.111845370237274366e-01
-2.521581725804216204e-02 -1.504969612535246859e-01 -2.972893970289949492e-02 0.000000000000000000e+00 -1.725746846937459000e-01 -1.644929988492402906e-01 0.000000000000000000e+00 0.000000000000000000e+00 -8.609021948371527178e-02 0.000000000000000000e+00
-5.361565004529444955e-03 0.000000000000000000e+00 -4.383961861890473509e-03 1.989632855928642030e+00 0.000000000000000000e+00 0.000000000000000000e+00 -1.814530519234727468e-01 -1.774791210488716464e-01 0.000000000000000000e+00 -8.612273279882978749e-02
