#Matriz 
-7.334020596412726967e-02 -1.390884544293150005e-01 -6.634130598839053927e-02 -1.164505154145176191e-01 -5.922253055647193343e-02 1.949435868920024850e+00 0.000000000000000000e+00 1.013529925702613133e+00 -1.807753977226059516e-01 -1.658374579032378948e-01
5.642803578816022458e-01 -7.809915395411820560e-02 0.000000000000000000e+00 0.000000000000000000e+00 0.000000000000000000e+00 9.815930175494618215e-01 0.000000000000000000e+00 1.480997348682090653e+00 0.000000000000000000e+00 0.000000000000000000e+00
6.929656584587202683e-01 0.000000000000000000e+00 -9.463413946477049199e-02 -1.199617976285409643e-01 0.000000000000000000e+00 3.260645560816739508e-01 0.000000000000000000e+00 1.536978803846921871e+00 0.000000000000000000e+00 0.000000000000000000e+00
8.820140419673980769e-01 0.000000000000000000e+00 1.494204272554452873e+00 -4.241036897308763515e-02 0.000000000000000000e+00 1.312923823822624847e-01 5.626939323222750478e-01 6.581805746579190153e-01 0.000000000000000000e+00 9.153353533966988032e-01
1.113553207735735295e+00 0.000000000000000000e+00 0.000000000000000000e+00 0.000000000000000000e+00 -1.097289927612028343e-01 1.802813341531495306e+00 0.000000000000000000e+00 1.878871486756317211e+00 0.000000000000000000e+00 0.000000000000000000e+00
-9.253397643631866565e-02 -5.897649344322817427e-02 -7.435662365924344819e-02 -5.518521545206940548e-02 -1.656631234289228649e-01 -7.886975696995646157e-02 -8.955430506930246726e-02 0.000000000000000000e+00 -1.280610196660151578e-01 -1.116400590706573270e-01
0.000000000000000000e+00 0.000000000000000000e+00 0.000000000000000000e+00 -1.840337048669432041e-01 0.000000000000000000e+00 4.507775143963803632e-01 -1.302994974689374585e-01 4.505440447740804988e-01 0.000000000000000000e+00 0.000000000000000000e+00
-2.543547868194136197e-02 -1.952671875000865920e-01 -1.507956727105019545e-01 -1.889295560201459945e-01 -5.062917272177745037e-02 0.000000000000000000e+00 -6.354167071372432418e-02 -1.586282154161181290e-01 -9.784302747293190106e-02 -1.140852802154264378e-01
1.704145903086614400e+00 0.000000000000000000e+00 0.000000000000000000e+00 0.000000000000000000e+00 0.000000000000000000e+00 1.179762939285893708e+00 0.000000000000000000e+00 1.571134958667597337e+00 -9.399697208767331114e-02 0.000000000000000000e+00
1.875709756488759039e+00 0.000000000000000000e+00 0.000000000000000000e+00 -1.955435789537324220e-01 0.000000000000000000e+00 9.973009103441283774e-01 0.000000000000000000e+00 1.034575325757095765e+00 0.000000000000000000e+00 -5.328118835928028624e-02
