#Matriz 
-1.686318427148817689e-01 0.000000000000000000e+00 -1.894973422488196724e-01 0.000000000000000000e+00 -7.263471203022527078e-02 0.000000000000000000e+00 0.000000000000000000e+00 -1.216978611443798597e-01 -1.668804666029915021e-02 -1.491716228343743234e-01
0.000000000000000000e+00 -1.286606718754627066e-01 0.000000000000000000e+00 0.000000000000000000e+00 -2.099997238319606385e-02 6.580595915991547251e-01 -5.033035684244074187e-02 -1.378915671079171401e-01 -2.783388918969142978e-02 -1.924241907767578197e-01
1.820861666537644252e+00 0.000000000000000000e+00 -4.595843714889578241e-02 0.000000000000000000e+00 -1.857605953629549722e-01 3.983424918182645325e-01 -2.197932029647655869e-02 -8.043815336317622355e-02 0.000000000000000000e+00 -1.429642590597343110e-01
0.000000000000000000e+00 0.000000000000000000e+00 0.000000000000000000e+00 -1.341117857303713579e-01 -1.705018047936910502e-02 5.196349418456236435e-02 -1.163595138216000219e-01 -1.710305254334685277e-01 -9.718037297198401855e-03 -8.459564281290737897e-02
2.183133696990908756e-01 1.459095042893774341e+00 1.415201694194751170e+00 1.643820442670622439e+00 -2.379860175594017760e-03 3.765147290029871030e-01 1.096939209027180562e+00 0.000000000000000000e+00 0.000000000000000000e+00 0.000000000000000000e+00
0.000000000000000000e+00 -1.498146257263727743e-01 -1.612470477255312507e-01 -2.246069460851611924e-02 -6.694946456644601529e-02 -5.433568089619576075e-02 0.000000000000000000e+00 -1.851471957086388842e-01 0.000000000000000000e+00 -1.028114327177520465e-01
0.000000000000000000e+00 1.873876754203620765e+00 9.010807797463191715e-01 1.948205026215558355e+00 -1.506953243010689157e-03 0.000000000000000000e+00 -1.301671853225820907e-01 -4.639499333459538161e-02 0.000000000000000000e+00 -1.212506696245942983e-01
4.344056172305079677e-01 1.983117326657351187e+00 8.643049237227145021e-01 4.802091739408811399e-01 0.000000000000000000e+00 9.592457314779445632e-01 8.079468530534683612e-01 -5.497208390322738669e-02 0.000000000000000000e+00 0.000000000000000000e+00
1.056831126742474813e+00 1.480134973525372599e+00 0.000000000000000000e+00 1.373460346333533755e+00 0.000000000000000000e+00 0.000000000000000000e+00 0.000000000000000000e+00 0.000000000000000000e+00 -1.148405233019739874e-01 0.000000000000000000e+00
6.323961423420401129e-01 3.901255022047422916e-01 4.581453966125415000e-02 2.125840523774749080e-01 0.000000000000000000e+00 1.526967283114788687e+00 1.345519661208468998e+00 0.000000000000000000e+00 0.000000000000000000e+00 -1.365731160601649230e-01
