#Matriz 
-8.322238170325267637e-02 1.208256858522067212e+00 1.055198016819403728e+00 6.386386043889560327e-01 7.499687336594229592e-02 6.196720351177040786e-01 1.946943475946510516e+00 1.266505007705175601e+00 2.026462277707572479e-01 1.689953955930330043e-01
-2.470801019697810297e-02 -1.257643690195424727e-02 -1.095642353411207526e-01 0.000000000000000000e+00 0.000000000000000000e+00 0.000000000000000000e+00 0.000000000000000000e+00 -1.451237428880655378e-01 -4.120024785422343044e-02 0.000000000000000000e+00
-6.456899588319611749e-02 9.551264758845223746e-02 -8.094282093220961372e-02 0.000000000000000000e+00 -1.511051183557313715e-01 -1.720639234638758341e-01 0.000000000000000000e+00 0.000000000000000000e+00 0.000000000000000000e+00 -4.632250616776545718e-03
-6.170172765267301074e-02 0.000000000000000000e+00 0.000000000000000000e+00 -1.536119495201893059e-02 -1.262122557827377312e-01 -1.038565636237750306e-01 0.000000000000000000e+00 0.000000000000000000e+00 0.000000000000000000e+00 -1.664062525776865420e-01
-1.100977601078126089e-01 0.000000000000000000e+00 5.282573059878448163e-03 1.551618799034022889e+00 -4.574572821083555674e-02 -1.063451377582478596e-01 1.812283688592123854e+00 0.000000000000000000e+00 0.000000000000000000e+00 0.000000000000000000e+00
-3.888993871433948230e-02 0.000000000000000000e+00 1.277886041638927495e+00 6.736628348506454866e-01 5.867380086228179970e-01 -3.909719467886450112e-02 1.116963143417039062e+00 1.233865028360911831e+00 0.000000000000000000e+00 0.000000000000000000e+00
-1.646471964149629486e-01 0.000000000000000000e+00 0.000000000000000000e+00 0.000000000000000000e+00 -1.369095891328162007e-01 -1.898876796165064884e-01 -1.897451496129735071e-01 0.000000000000000000e+00 0.000000000000000000e+00 -1.345249969160005055e-01
-1.293886466135840130e-01 9.299037006830308538e-01 0.000000000000000000e+00 0.000000000000000000e+00 0.000000000000000000e+00 -1.356199919922369268e-01 0.000000000000000000e+00 -1.152152324149095519e-01 0.000000000000000000e+00 -1.519358783771851962e-01
-3.029477817415800189e-02 7.274373397564499744e-01 0.000000000000000000e+00 0.000000000000000000e+00 0.000000000000000000e+00 0.000000000000000000e+00 0.000000000000000000e+00 0.000000000000000000e+00 -1.335074406041978079e-01 0.000000000000000000e+00
-1.762274583966559061e-01 0.000000000000000000e+00 1.802955881733461219e-01 1.402291192048172430e+00 0.000000000000000000e+00 0.000000000000000000e+00 1.347481607387917890e+00 1.431633552113730445e+00 0.000000000000000000e+00 -1.336893378552012623e-01
