#Matriz 
-3.577911460173153341e-02 0.000000000000000000e+00 0.000000000000000000e+00 -1.601772256458330324e-01 -2.011190287117426128e-03 0.000000000000000000e+00 0.000000000000000000e+00 0.000000000000000000e+00 0.000000000000000000e+00 -1.602668377501120234e-01
0.000000000000000000e+00 -1.248660349438538431e-01 1.094122600514961796e+00 -4.026579242521453189e-02 0.000000000000000000e+00 0.000000000000000000e+00 0.000000000000000000e+00 4.827229245222348641e-01 0.000000000000000000e+00 -8.469618690070655764e-02
0.000000000000000000e+00 -1.350108204777440424e-01 -6.872805313412448658e-02 -1.870805185094642775e-01 -2.181916780281620977e-02 0.000000000000000000e+00 -1.753507860076284619e-01 1.224567606025302791e+00 0.000000000000000000e+00 0.000000000000000000e+00
4.163670777726917738e-01 4.067477337049261177e-01 1.102099995006254884e+00 -2.383910850431934098e-02 0.000000000000000000e+00 9.223915520276440017e-01 1.266934135431868391e+00 1.256471114534193578e+00 1.512231164076835999e-01 8.694398208095515113e-01
1.373189652194733323e+00 0.000000000000000000e+00 3.152397261997297306e-01 0.000000000000000000e+00 -9.779295549668171050e-02 1.096007667767070703e+00 1.272076564853413583e+00 8.122437982073928975e-01 6.287938218259190304e-01 0.000000000000000000e+00
0.000000000000000000e+00 0.000000000000000000e+00 0.000000000000000000e+00 -5.233874687214606219e-02 -1.411502779843166744e-01 -1.332759056832454880e-01 0.000000000000000000e+00 0.000000000000000000e+00 0.000000000000000000e+00 -1.042274856968709723e-01
0.000000000000000000e+00 0.000000000000000000e+00 6.555816849842062144e-01 -6.676099030035165770e-03 -2.935849138125932317e-02 0.000000000000000000e+00 -8.774510191929374425e-02 1.658508890380325562e+00 5.921146413149336318e-02 -1.987141386175159119e-01
0.000000000000000000e+00 -1.232148548378148301e-01 -8.460267777459301586e-02 -5.094626076617625454e-02 -7.063819937224471990e-02 0.000000000000000000e+00 -1.413815317228220569e-01 -5.358414814901622109e-02 0.000000000000000000e+00 0.000000000000000000e+00
0.000000000000000000e+00 0.000000000000000000e+00 0.000000000000000000e+00 -1.597835304790243272e-01 -1.123494855894923844e-01 0.000000000000000000e+00 -1.249996526524770613e-01 0.000000000000000000e+00 -6.585152572772527690e-02 0.000000000000000000e+00
6.733337414615634398e-01 7.779273097619812116e-01 0.000000000000000000e+00 -5.329898824356374409e-02 0.000000000000000000e+00 4.264711985521867366e-01 9.131114862737825799e-01 0.000000000000000000e+00 0.000000000000000000e+00 -1.075707517890589771e-01
