#Matriz 
-1.991868196495536203e-01 0.000000000000000000e+00 0.000000000000000000e+00 0.000000000000000000e+00 1.964696556157875751e+00 0.000000000000000000e+00 1.113382595835943123e+00 1.063908166498797048e+00 0.000000000000000000e+00 1.207635321677215323e+00
0.000000000000000000e+00 -7.882138167663460537e-02 0.000000000000000000e+00 9.261516807733869427e-01 1.252637850023730959e+00 1.778930305812371770e-01 0.000000000000000000e+00 3.817947487524975259e-02 1.838594548413837737e+00 0.000000000000000000e+00
0.000000000000000000e+00 0.000000000000000000e+00 -1.582019553257834124e-02 1.346024526072064909e-01 1.760850692998047418e+00 1.231678022655791072e-01 0.000000000000000000e+00 5.339658335721095828e-01 1.939164487922561797e+00 0.000000000000000000e+00
0.000000000000000000e+00 -1.744182567997383526e-01 -7.530318293687746078e-02 -9.465467127888033128e-02 0.000000000000000000e+00 1.195295506026540444e+00 -1.616283362052354233e-01 -2.963695494984164465e-03 -2.557715478512983046e-02 0.000000000000000000e+00
-1.704850270496158782e-01 -1.766326467034861347e-01 -1.598048195762619139e-01 0.000000000000000000e+00 -1.536514321026430929e-01 0.000000000000000000e+00 -1.174685945557271405e-01 8.740711665519178553e-01 3.841824145070364960e-01 0.000000000000000000e+00
0.000000000000000000e+00 -1.317271359159308541e-01 -4.150513724348454947e-02 -1.891607915298618853e-02 0.000000000000000000e+00 -3.006770767161422164e-02 0.000000000000000000e+00 0.000000000000000000e+00 0.000000000000000000e+00 0.000000000000000000e+00
-3.646287485813686641e-02 0.000000000000000000e+00 0.000000000000000000e+00 1.963162168760950843e+00 1.704423837390547591e+00 0.000000000000000000e+00 -3.609086782811426336e-02 2.558637427483994031e-01 3.876322843119786032e-01 0.000000000000000000e+00
-1.763132299769343270e-01 -5.678176222699107822e-02 -7.981592234109947601e-03 1.167650112127404549e+00 -1.519237004057994445e-01 0.000000000000000000e+00 -7.432168952466421119e-02 -6.625135518910425791e-02 0.000000000000000000e+00 0.000000000000000000e+00
0.000000000000000000e+00 -3.544623808865643433e-02 -1.932011690582939867e-01 1.140137536234715032e+00 -1.868525244608107982e-01 0.000000000000000000e+00 -3.109771383423207830e-02 0.000000000000000000e+00 -3.789871194423855005e-02 0.000000000000000000e+00
-5.391959382295683639e-02 0.000000000000000000e+00 0.000000000000000000e+00 0.000000000000000000e+00 0.000000000000000000e+00 0.000000000000000000e+00 0.000000000000000000e+00 0.000000000000000000e+00 0.000000000000000000e+00 -1.269176718903615442e-01
