#Matriz 
-1.637115737327811682e-01 0.000000000000000000e+00 -1.815447561663118825e-01 -5.944026611467645438e-02 -4.355501958226666581e-02 0.000000000000000000e+00 1.693764535678615513e+00 1.481641886346212633e+00 7.884885109655768165e-01 0.000000000000000000e+00
0.000000000000000000e+00 -3.887876487156534389e-02 0.000000000000000000e+00 1.112465946895378366e+00 1.929190059448355754e+00 -3.612197609043053120e-02 0.000000000000000000e+00 0.000000000000000000e+00 0.000000000000000000e+00 1.443929976750761845e+00
3.847872069653401894e-01 0.000000000000000000e+00 -1.932043179156650581e-01 1.541013597075207464e+00 0.000000000000000000e+00 -1.271497544153412096e-01 1.426063315883837168e+00 1.421393760834249287e+00 1.547541009666515643e+00 0.000000000000000000e+00
1.659027461155091698e+00 -1.031619410686353544e-01 -1.137121803196026876e-01 -9.549848090016493929e-02 -6.132035719549673580e-02 0.000000000000000000e+00 1.695981965148237514e+00 0.000000000000000000e+00 7.245773635029242321e-01 0.000000000000000000e+00
2.637204675103912432e-01 -1.769654392794915015e-02 0.000000000000000000e+00 1.714403280418389963e+00 -1.406848648637087362e-01 0.000000000000000000e+00 4.505470123443333641e-01 0.000000000000000000e+00 1.702810486013652813e+00 1.141533609584553410e+00
0.000000000000000000e+00 1.178195419251101717e+00 1.562718762724279786e+00 0.000000000000000000e+00 0.000000000000000000e+00 -1.008984363826372355e-01 0.000000000000000000e+00 0.000000000000000000e+00 0.000000000000000000e+00 0.000000000000000000e+00
-5.994370967412785550e-02 0.000000000000000000e+00 -1.813953246806588870e-01 -1.744185508468496237e-01 -1.655317541843008833e-01 0.000000000000000000e+00 -1.469946572279736408e-01 5.247996410184547766e-01 0.000000000000000000e+00 0.000000000000000000e+00
-1.245556305792780982e-01 0.000000000000000000e+00 -8.262493149941430026e-02 0.000000000000000000e+00 0.000000000000000000e+00 0.000000000000000000e+00 -8.244648935562293168e-02 -8.313375062784938985e-02 0.000000000000000000e+00 -7.351960809026296395e-02
-3.937037097552040926e-02 0.000000000000000000e+00 -2.482706721333501065e-02 -1.293967971738330391e-01 -1.210954451350463867e-01 0.000000000000000000e+00 0.000000000000000000e+00 0.000000000000000000e+00 -1.365060355315507457e-01 0.000000000000000000e+00
0.000000000000000000e+00 -1.029070459413318067e-01 0.000000000000000000e+00 0.000000000000000000e+00 -1.432287320915809625e-01 0.000000000000000000e+00 0.000000000000000000e+00 4.459725948939130546e-02 0.000000000000000000e+00 -2.716568939575296840e-02
