#Matriz 
-1.775998048424946296e-01 -1.382758797418660590e-01 -2.107833482285592641e-02 0.000000000000000000e+00 0.000000000000000000e+00 0.000000000000000000e+00 0.000000000000000000e+00 -2.923960111977390655e-02 0.000000000000000000e+00 0.000000000000000000e+00
1.092511260525315109e-01 -3.445275053469359222e-02 5.249449546436990577e-01 -1.167109719100405674e-01 -1.324149378581952197e-01 0.000000000000000000e+00 1.932389217406263127e+00 -2.421503677477512481e-02 0.000000000000000000e+00 1.854529759233911168e+00
4.233454701767862538e-01 -1.229582753799444428e-01 -3.951181495141913719e-02 0.000000000000000000e+00 0.000000000000000000e+00 0.000000000000000000e+00 0.000000000000000000e+00 -1.359364308804219268e-01 0.000000000000000000e+00 0.000000000000000000e+00
0.000000000000000000e+00 1.039940063582645013e-01 0.000000000000000000e+00 -3.278392393594933146e-02 -1.623551974386708285e-01 4.251751354849833131e-01 7.865232946764828537e-01 5.623566006394058459e-01 1.048387719908800975e-01 5.875503216589814670e-01
0.000000000000000000e+00 9.995287710997016184e-01 0.000000000000000000e+00 1.328329049602632983e+00 -2.396877536020836086e-02 1.845955893929029035e+00 0.000000000000000000e+00 1.977358832719382287e+00 9.087767860682098853e-01 0.000000000000000000e+00
0.000000000000000000e+00 0.000000000000000000e+00 0.000000000000000000e+00 -7.959360812300986243e-02 -1.523225027653634933e-01 -2.719986279699171394e-02 0.000000000000000000e+00 -3.022999180686567616e-02 0.000000000000000000e+00 0.000000000000000000e+00
0.000000000000000000e+00 -1.495691247644549138e-01 0.000000000000000000e+00 -1.459326638774788021e-01 0.000000000000000000e+00 0.000000000000000000e+00 -2.885127052921570082e-02 -4.111657517545690838e-02 0.000000000000000000e+00 0.000000000000000000e+00
1.579100949187952629e+00 8.772776109060040906e-01 1.226873852272328591e+00 -1.221196723745828217e-01 -3.760269466427852703e-02 1.707501406719613257e+00 1.346887669979335733e+00 -1.182230485579762180e-01 3.568541684420953874e-01 1.440610706088950366e+00
0.000000000000000000e+00 0.000000000000000000e+00 0.000000000000000000e+00 -4.909592063769940840e-02 -1.044727133375519257e-01 0.000000000000000000e+00 0.000000000000000000e+00 -6.940224224700304589e-02 -1.498318916357317503e-02 0.000000000000000000e+00
0.000000000000000000e+00 -1.902022440674023540e-01 0.000000000000000000e+00 -1.308566532017127193e-01 0.000000000000000000e+00 0.000000000000000000e+00 0.000000000000000000e+00 -1.658804590315884342e-01 0.000000000000000000e+00 -1.404512954555303672e-02
