#Matriz 
-3.645257406422830557e-03 0.000000000000000000e+00 8.768480425364584274e-01 4.691853854192529205e-02 -7.918768712014212507e-02 0.000000000000000000e+00 1.710587747044338469e+00 0.000000000000000000e+00 0.000000000000000000e+00 0.000000000000000000e+00
0.000000000000000000e+00 -1.541896824327972093e-01 0.000000000000000000e+00 1.091299983153194431e+00 0.000000000000000000e+00 1.454066173979946086e+00 1.059135371395931724e+00 0.000000000000000000e+00 0.000000000000000000e+00 0.000000000000000000e+00
-5.319653593108806394e-02 0.000000000000000000e+00 -5.361080799378823564e-02 0.000000000000000000e+00 -9.146509806205294080e-02 0.000000000000000000e+00 -5.156495918177803756e-02 0.000000000000000000e+00 0.000000000000000000e+00 0.000000000000000000e+00
-1.182292801020343592e-01 -1.017106300671947045e-01 0.000000000000000000e+00 -7.946618579632824808e-02 -3.215866550241708484e-03 0.000000000000000000e+00 5.426387104097425418e-01 -5.097765112736012821e-02 -1.170193235856349240e-01 0.000000000000000000e+00
1.648418988426285425e+00 0.000000000000000000e+00 1.255982474261853055e+00 5.866451003152897137e-01 -5.837624841121136741e-03 9.499114794432264031e-01 3.537346793735356432e-01 0.000000000000000000e+00 5.860647326107157884e-01 5.905538122327795847e-01
0.000000000000000000e+00 -5.064694703098691214e-02 0.000000000000000000e+00 0.000000000000000000e+00 -1.963503572408023534e-01 -7.687076719660733415e-02 0.000000000000000000e+00 0.000000000000000000e+00 -9.252124365364172709e-02 0.000000000000000000e+00
-5.669240803620259617e-02 -9.675269929297768134e-02 7.681167253621701274e-01 -8.318836493580748781e-02 -1.202415765992390639e-01 0.000000000000000000e+00 -4.126278570065520374e-02 -7.396970323209316189e-02 -1.248123475554037236e-02 -2.775327559329210728e-03
0.000000000000000000e+00 0.000000000000000000e+00 0.000000000000000000e+00 1.390419870063807295e+00 0.000000000000000000e+00 0.000000000000000000e+00 1.429824798459654822e+00 -1.964114764094765653e-01 0.000000000000000000e+00 0.000000000000000000e+00
0.000000000000000000e+00 0.000000000000000000e+00 0.000000000000000000e+00 3.874863528082179709e-01 -1.239701748823910654e-01 1.724887831205275113e-01 7.087341084439466865e-01 0.000000000000000000e+00 -1.334994656824018411e-01 1.683026414240498037e+00
0.000000000000000000e+00 0.000000000000000000e+00 0.000000000000000000e+00 0.000000000000000000e+00 -1.646496398778430625e-01 0.000000000000000000e+00 5.668119495498737948e-01 0.000000000000000000e+00 -1.851982802096141800e-01 -1.878560621933774988e-01
