#Matriz 
-9.878045966641169073e-02 0.000000000000000000e+00 0.000000000000000000e+00 -8.481649439405698765e-02 -2.489240508051584685e-02 0.000000000000000000e+00 0.000000000000000000e+00 0.000000000000000000e+00 -5.536318837046641517e-02 -8.693721996644932989e-03
0.000000000000000000e+00 -7.415625214612030225e-02 -7.239309510085326083e-02 -2.490716715133682937e-02 0.000000000000000000e+00 0.000000000000000000e+00 0.000000000000000000e+00 0.000000000000000000e+00 0.000000000000000000e+00 -4.865239879437935344e-02
0.000000000000000000e+00 1.455855498398757719e+00 -1.712659839067282030e-01 -5.245087798323944117e-02 0.000000000000000000e+00 0.000000000000000000e+00 0.000000000000000000e+00 0.000000000000000000e+00 1.072675015015516875e+00 1.277104292452435175e+00
4.811787657655086647e-02 7.272491812696184610e-01 1.672404686797822837e+00 -3.132088165760367471e-02 1.245470303441873705e+00 1.332173512823325190e+00 7.708331047364636035e-01 1.126967495753959270e+00 4.646666002800570183e-01 1.257004851888600783e+00
1.693323422666071387e+00 0.000000000000000000e+00 0.000000000000000000e+00 -7.168403072871971926e-02 -1.533084545255187885e-02 -1.934254231929286860e-01 0.000000000000000000e+00 -9.531075025291844971e-02 0.000000000000000000e+00 -4.736082092287914602e-02
0.000000000000000000e+00 0.000000000000000000e+00 0.000000000000000000e+00 -1.979204340486672431e-01 1.214147510822809473e+00 -1.230954451619597212e-01 -1.300026928957863370e-01 -1.577809051429248932e-01 0.000000000000000000e+00 -1.978704585238476865e-01
0.000000000000000000e+00 0.000000000000000000e+00 0.000000000000000000e+00 -8.211433046148551573e-02 0.000000000000000000e+00 1.113055722057984642e+00 -1.332509480631172694e-01 0.000000000000000000e+00 0.000000000000000000e+00 0.000000000000000000e+00
0.000000000000000000e+00 0.000000000000000000e+00 0.000000000000000000e+00 -1.103884160840402640e-01 1.393709906849691427e+00 8.689992940801041232e-01 0.000000000000000000e+00 -7.534743340548839818e-02 0.000000000000000000e+00 0.000000000000000000e+00
2.148264269745074895e-01 0.000000000000000000e+00 -4.935238957390295639e-02 -1.948744277298546101e-01 0.000000000000000000e+00 0.000000000000000000e+00 0.000000000000000000e+00 0.000000000000000000e+00 -7.318524899343837112e-03 -6.093518817322001596e-02
1.545991771826274341e+00 2.549085130389090459e-01 -1.163378856238847930e-01 -1.990859177325163543e-01 1.635142093284168485e+00 1.196651484527551768e+00 0.000000000000000000e+00 0.000000000000000000e+00 1.500350283059554091e+00 -8.715761111791205107e-02
