#Matriz 
-8.353130372598641107e-02 0.000000000000000000e+00 0.000000000000000000e+00 1.584019127164184582e+00 -8.594299231014419782e-02 -6.809196178470851291e-02 -1.182422198212289138e-01 0.000000000000000000e+00 0.000000000000000000e+00 0.000000000000000000e+00
0.000000000000000000e+00 -6.684476724265309795e-04 0.000000000000000000e+00 3.353557707919705422e-01 0.000000000000000000e+00 0.000000000000000000e+00 -4.171785879843675077e-02 -1.736467707090614543e-01 -6.692997182211886387e-02 0.000000000000000000e+00
0.000000000000000000e+00 0.000000000000000000e+00 -8.027322440029510675e-02 1.172560479446457249e+00 0.000000000000000000e+00 0.000000000000000000e+00 -1.014257809613108297e-01 -1.214970481621661103e-01 -7.489272329994363375e-02 0.000000000000000000e+00
-1.237963745792168002e-01 -3.128599483718686337e-04 -1.590899722395021365e-01 -1.416372123468132849e-01 0.000000000000000000e+00 0.000000000000000000e+00 -9.002782566263581310e-02 0.000000000000000000e+00 0.000000000000000000e+00 -1.678431348329746386e-01
8.431705230952801777e-01 0.000000000000000000e+00 0.000000000000000000e+00 0.000000000000000000e+00 -3.236908634368052158e-03 -1.669750110322134815e-02 -1.859627914213514699e-01 0.000000000000000000e+00 0.000000000000000000e+00 0.000000000000000000e+00
1.412525192197348289e+00 0.000000000000000000e+00 0.000000000000000000e+00 0.000000000000000000e+00 6.793425479803929523e-01 -1.222438849661821730e-01 1.429012850484890684e+00 2.924011046858083773e-01 0.000000000000000000e+00 8.713419376593050103e-01
1.716157005089479215e+00 9.259234671229377156e-01 2.399643790390122433e-01 2.693223156268709229e-01 1.501100092417976262e+00 -1.394766510140023064e-01 -2.018282761150200916e-02 5.980650868717831692e-01 0.000000000000000000e+00 9.917960385104087617e-01
0.000000000000000000e+00 3.672270971004598650e-02 1.392600837195927532e-01 0.000000000000000000e+00 0.000000000000000000e+00 -1.169463487407217950e-01 -9.782347877452197971e-02 -1.021948000345332536e-01 -1.154948173191034100e-01 0.000000000000000000e+00
0.000000000000000000e+00 6.738917238109392027e-01 1.075802048015674917e-01 0.000000000000000000e+00 0.000000000000000000e+00 0.000000000000000000e+00 0.000000000000000000e+00 1.903574627397628172e+00 -1.061450882041096722e-01 1.003032478665116800e+00
0.000000000000000000e+00 0.000000000000000000e+00 0.000000000000000000e+00 7.586396170409002160e-01 0.000000000000000000e+00 -4.475839325219151121e-02 -8.098888256344836944e-02 0.000000000000000000e+00 -3.493217748484130081e-02 -1.401494791244247973e-01
