#Matriz 
-3.890132008924068047e-02 0.000000000000000000e+00 0.000000000000000000e+00 0.000000000000000000e+00 -1.225958040967660145e-01 1.949018419699413140e-01 0.000000000000000000e+00 0.000000000000000000e+00 0.000000000000000000e+00 0.000000000000000000e+00
0.000000000000000000e+00 -1.571027026016561523e-01 0.000000000000000000e+00 -1.290372730801257473e-01 -2.080793314587097223e-02 -1.245140848148832968e-01 0.000000000000000000e+00 -3.237907124803372089e-02 -2.322029220616428358e-02 0.000000000000000000e+00
0.000000000000000000e+00 0.000000000000000000e+00 -9.137883562890709854e-02 1.083048254734965132e+00 -6.674472726075535156e-02 1.712125334040971003e+00 9.211656680773432360e-01 7.244458863851632735e-01 0.000000000000000000e+00 1.301054466854466574e+00
0.000000000000000000e+00 1.127268908886388976e+00 -1.268549975775776495e-01 -6.937809581869781167e-03 -3.864550507894055908e-02 -4.660922551242741019e-02 0.000000000000000000e+00 -9.309973203828692673e-03 0.000000000000000000e+00 0.000000000000000000e+00
3.030410903561953084e-02 9.799265591043062607e-01 1.691930794753151446e-01 1.246292578324433409e+00 -1.032797338883106875e-01 1.340724454013667133e+00 7.991384421686325013e-01 1.425498070828508101e-01 1.833868338248139995e+00 1.461078848077556502e+00
-1.057143155808628471e-01 1.438508671801844052e+00 -5.648956807290359677e-02 1.862564219532115706e+00 -1.939203461995507027e-01 -3.554362840630714143e-02 0.000000000000000000e+00 8.532549467615591077e-02 0.000000000000000000e+00 0.000000000000000000e+00
0.000000000000000000e+00 0.000000000000000000e+00 -1.931229770908154675e-01 0.000000000000000000e+00 -7.355762974608269500e-02 0.000000000000000000e+00 -1.695556589257762869e-01 0.000000000000000000e+00 0.000000000000000000e+00 1.059832442321680723e+00
0.000000000000000000e+00 1.265309472133647528e+00 -1.999230446542221151e-01 2.273834504013079183e-01 -6.632766203357946810e-02 -4.376563312018327129e-02 0.000000000000000000e+00 -1.933426546647442901e-01 0.000000000000000000e+00 0.000000000000000000e+00
0.000000000000000000e+00 1.645514849137531987e+00 0.000000000000000000e+00 0.000000000000000000e+00 -5.709273583998797363e-02 0.000000000000000000e+00 0.000000000000000000e+00 0.000000000000000000e+00 -1.569954816917999985e-01 0.000000000000000000e+00
0.000000000000000000e+00 0.000000000000000000e+00 -1.661380739322650124e-01 0.000000000000000000e+00 -1.706641184296032177e-01 0.000000000000000000e+00 -6.338146678671226220e-02 0.000000000000000000e+00 0.000000000000000000e+00 -1.568176431616453981e-01
