#Matriz 
-4.209185104734902705e-02 1.853728592218813587e+00 2.076768551731114076e-01 0.000000000000000000e+00 1.125950462511333905e+00 1.607239768984596973e+00 0.000000000000000000e+00 0.000000000000000000e+00 1.973896205794906766e+00 4.620614861846470411e-01
-1.127341821170753794e-01 -1.359489641843445729e-01 1.183369900831032551e+00 0.000000000000000000e+00 0.000000000000000000e+00 0.000000000000000000e+00 -1.522832510251079519e-01 -4.817971377307395282e-03 -1.199656072556203601e-01 0.000000000000000000e+00
-1.436066027656145716e-01 -5.758500367410646081e-02 -4.319267139419063345e-02 -1.560351433282766431e-01 0.000000000000000000e+00 -1.008542017672449803e-01 0.000000000000000000e+00 0.000000000000000000e+00 0.000000000000000000e+00 0.000000000000000000e+00
0.000000000000000000e+00 0.000000000000000000e+00 2.787099224986739898e-01 -7.373555763297233445e-02 0.000000000000000000e+00 0.000000000000000000e+00 0.000000000000000000e+00 0.000000000000000000e+00 0.000000000000000000e+00 0.000000000000000000e+00
-1.481929558395617408e-01 0.000000000000000000e+00 0.000000000000000000e+00 0.000000000000000000e+00 -5.212208277744672519e-02 3.334493337513191324e-01 -1.890308576157561371e-01 -1.154428938214744904e-01 -1.485810467219985109e-01 7.230485688611096862e-01
-9.954392277355275653e-02 0.000000000000000000e+00 1.088309481811813306e-01 0.000000000000000000e+00 -9.416303122681429771e-02 -4.902221692970332168e-02 -1.446059117493790069e-01 -1.253425296453787030e-01 0.000000000000000000e+00 0.000000000000000000e+00
0.000000000000000000e+00 6.767329719119337117e-01 0.000000000000000000e+00 0.000000000000000000e+00 2.669845779777368922e-01 1.069436676036332301e+00 -7.887762945274418014e-02 0.000000000000000000e+00 9.988777809445061884e-01 1.187295297587256604e+00
0.000000000000000000e+00 6.386007939998770144e-01 0.000000000000000000e+00 0.000000000000000000e+00 3.012510992371784102e-01 1.577216949501047294e+00 0.000000000000000000e+00 -1.780094871834627668e-01 1.628940465454048248e+00 2.502645866623283144e-01
-1.820098849880812386e-01 1.200154089138870450e+00 0.000000000000000000e+00 0.000000000000000000e+00 3.036646911746234689e-01 0.000000000000000000e+00 -1.474225147118090884e-01 -8.954712233378550601e-02 -9.644774897978225514e-02 1.532974279110920657e+00
-1.957369676309044307e-02 0.000000000000000000e+00 0.000000000000000000e+00 0.000000000000000000e+00 -1.127067846883546692e-01 0.000000000000000000e+00 -2.793136243559133508e-02 -1.149158211038698724e-01 -8.284616554295941293e-02 -9.370891603859135555e-02
