#Matriz 
-9.824994957753070690e-02 -9.525676150355091854e-02 1.262565003980047784e+00 0.000000000000000000e+00 1.864789713578609787e+00 1.433443281519426460e-01 0.000000000000000000e+00 0.000000000000000000e+00 1.888240634408342888e+00 0.000000000000000000e+00
1.216328249029373199e+00 -9.632175662506653468e-02 6.458440331070107732e-01 0.000000000000000000e+00 2.201030065289630855e-01 8.126705761877988099e-01 8.689785789092963064e-01 0.000000000000000000e+00 8.120445954088248985e-01 0.000000000000000000e+00
-5.996181218303853894e-03 -9.323355108708895889e-02 -1.942045286528723269e-01 4.754663472943199132e-01 0.000000000000000000e+00 0.000000000000000000e+00 -1.519597243526168429e-01 1.219417329939077588e+00 0.000000000000000000e+00 1.581637017540121093e+00
0.000000000000000000e+00 0.000000000000000000e+00 -1.221228930527892970e-01 -1.557704153207173370e-01 -4.408753465242831737e-02 0.000000000000000000e+00 -2.891940374896204841e-02 0.000000000000000000e+00 0.000000000000000000e+00 0.000000000000000000e+00
-9.416198475435798299e-02 -1.343028715172002452e-01 0.000000000000000000e+00 1.129564372587055665e+00 -1.099966701001804936e-01 0.000000000000000000e+00 -1.901276678925261157e-02 1.275288768787334881e-01 0.000000000000000000e+00 0.000000000000000000e+00
-1.346414221008235546e-01 -5.823744467714100925e-02 0.000000000000000000e+00 0.000000000000000000e+00 0.000000000000000000e+00 -1.949863699534954142e-01 -1.852933531000571302e-02 1.672282703646530422e-01 0.000000000000000000e+00 0.000000000000000000e+00
0.000000000000000000e+00 -1.785772806723703310e-01 1.184970409994173579e+00 2.892709612107895456e-01 6.185818376189171630e-01 9.772378075980951984e-01 -1.137091641782175810e-01 0.000000000000000000e+00 4.728972444735664027e-01 3.649098332694169500e-01
0.000000000000000000e+00 0.000000000000000000e+00 -1.022250154238666386e-01 0.000000000000000000e+00 -1.223788593656398582e-01 -1.063554013793286263e-01 0.000000000000000000e+00 -1.421828175829893126e-01 0.000000000000000000e+00 0.000000000000000000e+00
-3.121313620256158800e-02 -2.967599668600777799e-02 0.000000000000000000e+00 0.000000000000000000e+00 0.000000000000000000e+00 0.000000000000000000e+00 -4.217275820565553890e-02 0.000000000000000000e+00 -3.446445029489850903e-02 1.613798170845900604e+00
0.000000000000000000e+00 0.000000000000000000e+00 -1.725909503243332477e-01 0.000000000000000000e+00 0.000000000000000000e+00 0.000000000000000000e+00 -3.401080775610672291e-02 0.000000000000000000e+00 -7.461999359446891411e-02 -4.963537395482784526e-02
