#Matriz 
-9.491863421849383586e-02 0.000000000000000000e+00 3.454355109726714446e-02 -5.599633968398912143e-02 0.000000000000000000e+00 1.834200936087757361e+00 -1.458665695647905214e-01 8.043191042095065857e-01 1.040518360733005521e+00 -1.527890914491076557e-01
0.000000000000000000e+00 -1.263066951963040807e-01 -1.970989755902900764e-01 0.000000000000000000e+00 -1.299077875563920403e-01 -1.719918261324001607e-01 0.000000000000000000e+00 -7.572768030813431528e-02 0.000000000000000000e+00 0.000000000000000000e+00
-2.648348398018118832e-02 2.503495343285953023e-01 -2.045935499881350664e-02 0.000000000000000000e+00 -4.263320653731308973e-02 0.000000000000000000e+00 0.000000000000000000e+00 0.000000000000000000e+00 1.719463651649728142e+00 0.000000000000000000e+00
1.850003705086886052e+00 0.000000000000000000e+00 0.000000000000000000e+00 -7.303141989990698246e-02 0.000000000000000000e+00 0.000000000000000000e+00 0.000000000000000000e+00 1.224963798739507004e+00 0.000000000000000000e+00 6.703847811705976323e-01
0.000000000000000000e+00 1.629461996466815776e+00 3.833007936138255189e-02 0.000000000000000000e+00 -4.232687914980744204e-02 1.243643254104540352e+00 0.000000000000000000e+00 2.275298142540491675e-01 4.460715738114244822e-01 1.005150710387859414e+00
-1.362834648726952425e-01 6.926223701756883955e-01 0.000000000000000000e+00 0.000000000000000000e+00 -3.530918595931775792e-03 -1.840565636269495264e-01 -4.909602843315972326e-02 0.000000000000000000e+00 0.000000000000000000e+00 0.000000000000000000e+00
4.280477909259439162e-01 0.000000000000000000e+00 0.000000000000000000e+00 0.000000000000000000e+00 0.000000000000000000e+00 7.708279453801996084e-01 -1.695700002606721213e-01 7.679930829552041871e-01 0.000000000000000000e+00 1.935558882659682123e+00
-1.408828860377817627e-01 1.126295116418450704e+00 0.000000000000000000e+00 -1.067218960531921418e-01 -5.103343974782886122e-02 0.000000000000000000e+00 -1.086319342419600070e-01 -1.216971961165326938e-01 1.688113820262660214e+00 0.000000000000000000e+00
-3.502591094916862602e-02 0.000000000000000000e+00 -1.539258502115550264e-01 0.000000000000000000e+00 -1.545429706223819255e-01 0.000000000000000000e+00 0.000000000000000000e+00 -1.895267413497837561e-01 -1.117499823231632994e-01 0.000000000000000000e+00
1.544044978778468691e+00 0.000000000000000000e+00 0.000000000000000000e+00 -9.269616842936323486e-02 -3.492219180006193163e-02 0.000000000000000000e+00 -1.525308908140800279e-01 0.000000000000000000e+00 0.000000000000000000e+00 -8.486225790199629360e-02
