#Matriz 
-1.246206992884653780e-01 -1.624388697357274647e-01 1.730708287049194105e-01 0.000000000000000000e+00 1.412470839819389701e+00 0.000000000000000000e+00 6.090244253973564614e-01 0.000000000000000000e+00 1.236846596797397613e+00 9.011327969421913942e-01
5.957292658448942735e-01 -6.531983310911422536e-02 0.000000000000000000e+00 0.000000000000000000e+00 1.720120807222169645e+00 2.998679206183687551e-01 0.000000000000000000e+00 0.000000000000000000e+00 1.735069485900327502e+00 5.804919542021997891e-01
-1.369169579348459842e-01 0.000000000000000000e+00 -1.707014244693523183e-02 0.000000000000000000e+00 0.000000000000000000e+00 -1.427327869259925330e-01 6.314224445263993957e-01 9.810042610763560766e-01 0.000000000000000000e+00 0.000000000000000000e+00
0.000000000000000000e+00 0.000000000000000000e+00 0.000000000000000000e+00 -1.054879094697263597e-01 0.000000000000000000e+00 0.000000000000000000e+00 1.094495729394131089e+00 1.091780659010977539e+00 0.000000000000000000e+00 0.000000000000000000e+00
-1.866102225351999877e-01 -3.684047202195552678e-02 0.000000000000000000e+00 0.000000000000000000e+00 -9.554634174324548590e-02 8.622743777288093270e-01 0.000000000000000000e+00 0.000000000000000000e+00 1.344386260784787179e+00 9.473381620573613215e-01
0.000000000000000000e+00 -1.494609557800934130e-01 1.590321348943634527e+00 0.000000000000000000e+00 -1.662338366678929036e-01 -8.120216777159501576e-02 0.000000000000000000e+00 0.000000000000000000e+00 1.749367410997668681e+00 1.562420849383361343e-01
-1.871910540230913578e-01 0.000000000000000000e+00 -4.728353561483675943e-02 -1.380066551181662882e-01 0.000000000000000000e+00 0.000000000000000000e+00 -2.479545220280448062e-02 1.374449800510838982e+00 -1.304995571164278556e-01 0.000000000000000000e+00
0.000000000000000000e+00 0.000000000000000000e+00 -1.343893960974407720e-01 -1.194860832959952490e-01 0.000000000000000000e+00 0.000000000000000000e+00 -1.582546006451208687e-01 -5.107932459571622869e-02 0.000000000000000000e+00 -1.371699632903505273e-01
-8.391712084472342792e-02 -1.953929651858815619e-01 0.000000000000000000e+00 0.000000000000000000e+00 -5.047350529565291372e-02 -1.330662305398466472e-01 1.490570038518311824e+00 0.000000000000000000e+00 -1.738819847470871871e-01 0.000000000000000000e+00
-1.298478672686157187e-01 -2.806336731008236829e-02 0.000000000000000000e+00 0.000000000000000000e+00 -8.668902976487308232e-02 -1.906701263017770986e-01 0.000000000000000000e+00 9.449986068519133919e-01 0.000000000000000000e+00 -4.923316012861840563e-02
