#Matriz 
-6.275288187948493968e-02 1.639110899997593407e-01 -7.659554115991649981e-02 1.667515303685527250e-01 0.000000000000000000e+00 0.000000000000000000e+00 0.000000000000000000e+00 -8.011196988482634229e-02 1.758895224956348535e+00 1.303580397755336184e+00
-1.848952029290095167e-01 -3.176370129061852066e-02 -6.777380444661217085e-02 0.000000000000000000e+00 0.000000000000000000e+00 0.000000000000000000e+00 0.000000000000000000e+00 -3.823428558720023962e-02 1.703122215629377711e+00 -1.260651402845731073e-01
7.254284633646292946e-01 9.107759379706330538e-01 -1.151640237661648858e-01 7.285025172987384945e-01 0.000000000000000000e+00 -8.395877217660606406e-02 0.000000000000000000e+00 0.000000000000000000e+00 6.461240505121186306e-01 1.432490053810514530e+00
-5.822502954480599652e-02 0.000000000000000000e+00 -1.342514124122525798e-01 -1.178066966456881304e-01 0.000000000000000000e+00 0.000000000000000000e+00 0.000000000000000000e+00 -1.033279159243764567e-01 1.025930959794284281e+00 -6.006371918362361090e-02
0.000000000000000000e+00 0.000000000000000000e+00 0.000000000000000000e+00 0.000000000000000000e+00 -1.890141885415764778e-01 -1.670485597246700316e-01 0.000000000000000000e+00 0.000000000000000000e+00 8.971538552257654064e-01 0.000000000000000000e+00
0.000000000000000000e+00 0.000000000000000000e+00 2.614204622308808901e-01 0.000000000000000000e+00 2.950915428779876670e-02 -1.830567477182460656e-01 0.000000000000000000e+00 7.906660185511027450e-02 0.000000000000000000e+00 0.000000000000000000e+00
0.000000000000000000e+00 0.000000000000000000e+00 0.000000000000000000e+00 0.000000000000000000e+00 0.000000000000000000e+00 0.000000000000000000e+00 -1.466605330181961764e-01 -6.751609952518138058e-02 0.000000000000000000e+00 0.000000000000000000e+00
3.841731549764071385e-01 1.991140831613483320e+00 0.000000000000000000e+00 1.428848435611384859e+00 0.000000000000000000e+00 -1.316503052978164889e-01 1.042218994803401300e+00 -4.858780470733140011e-02 3.841852380566699310e-01 9.970144328641181719e-01
-1.588356069007563487e-01 -6.166366362509874410e-02 -1.333521020604274965e-01 -1.786776436999766016e-01 -1.057068553634364361e-01 0.000000000000000000e+00 0.000000000000000000e+00 -8.465145320762368364e-03 -8.440421248519236475e-02 -6.611385580371165194e-02
-1.854661521558017556e-01 1.139671057041055091e+00 -1.716270273929589307e-01 6.073310138138876546e-02 0.000000000000000000e+00 0.000000000000000000e+00 0.000000000000000000e+00 -1.292108135832177596e-01 7.818309264081308996e-01 -9.855069259081108979e-02
