#Matriz 
-1.942333840043331816e-01 -1.939943490409108962e-01 7.066298651793476715e-01 0.000000000000000000e+00 0.000000000000000000e+00 0.000000000000000000e+00 0.000000000000000000e+00 3.280414740783776928e-01 -1.305999195547937475e-01 2.084851479292795240e-01
1.935105958846366381e+00 -1.704644084475928287e-02 0.000000000000000000e+00 3.794425853447265240e-01 8.364240058607828043e-01 1.188122037442788992e+00 5.313739078033050678e-01 0.000000000000000000e+00 -1.951836769341432076e-01 0.000000000000000000e+00
-1.303715392852870247e-01 0.000000000000000000e+00 -4.793398001396960428e-02 -1.206855520261021636e-01 0.000000000000000000e+00 0.000000000000000000e+00 0.000000000000000000e+00 -1.354631637582459636e-01 0.000000000000000000e+00 -6.038444806131455789e-02
0.000000000000000000e+00 -1.080043581873270653e-01 6.004140940896540712e-01 -1.042907727541466691e-02 0.000000000000000000e+00 -3.765356674085323235e-02 -1.805485547254411516e-01 1.132595803222806286e+00 0.000000000000000000e+00 0.000000000000000000e+00
0.000000000000000000e+00 -1.382958586796354805e-01 0.000000000000000000e+00 0.000000000000000000e+00 -2.842946253194291936e-02 1.612668541608490491e+00 1.591962081868874002e+00 0.000000000000000000e+00 -1.249800824327370885e-01 0.000000000000000000e+00
0.000000000000000000e+00 -1.787795677898350033e-01 0.000000000000000000e+00 1.542592204390183630e+00 -6.256488447464625402e-02 -6.207361846815407508e-03 1.397386920583345793e+00 0.000000000000000000e+00 -1.471852035299154315e-01 0.000000000000000000e+00
0.000000000000000000e+00 -4.108770932401809017e-02 0.000000000000000000e+00 3.898509994295153991e-01 -9.976247922708372795e-02 -1.664063124994183407e-01 -3.617923172614680855e-02 0.000000000000000000e+00 -1.781945897108813126e-01 0.000000000000000000e+00
-6.205342466391290668e-02 0.000000000000000000e+00 1.736239863169353193e-01 -1.612582003816493970e-01 0.000000000000000000e+00 0.000000000000000000e+00 0.000000000000000000e+00 -1.797573729265129414e-02 0.000000000000000000e+00 -7.946119272673879755e-03
1.093148156496119405e+00 6.805385148168485721e-01 0.000000000000000000e+00 0.000000000000000000e+00 1.799079295475448648e+00 2.993450654644713715e-02 7.884526136760865445e-01 0.000000000000000000e+00 -7.621450227903805996e-02 0.000000000000000000e+00
-9.931486906078524496e-03 0.000000000000000000e+00 1.436895120787877733e+00 0.000000000000000000e+00 0.000000000000000000e+00 0.000000000000000000e+00 0.000000000000000000e+00 7.431058375555088524e-02 0.000000000000000000e+00 -8.756460007473738927e-02
