#Matriz 
-1.946903129595211057e-01 1.647039222310198170e-02 5.725479834316411498e-01 -1.618810102532328848e-02 0.000000000000000000e+00 -1.650544941007928701e-01 0.000000000000000000e+00 0.000000000000000000e+00 -1.633298687189089493e-01 6.010444651644091252e-01
-5.586149684501615781e-02 -1.151826530520463215e-01 -1.423102526360937869e-01 -7.011689193894705963e-02 -5.036885713817949167e-02 0.000000000000000000e+00 -1.310606957508220760e-01 0.000000000000000000e+00 0.000000000000000000e+00 0.000000000000000000e+00
-9.741648142726687387e-02 1.158380230740007510e+00 -1.078985648179288659e-01 0.000000000000000000e+00 -6.348753215726550547e-02 0.000000000000000000e+00 -1.079699142123084210e-01 -1.628818481750578806e-01 0.000000000000000000e+00 1.639764110166000100e+00
1.955323570251141785e+00 3.549339884784461496e-01 0.000000000000000000e+00 -9.004811601386769615e-02 0.000000000000000000e+00 0.000000000000000000e+00 0.000000000000000000e+00 9.620376777411145941e-01 6.256008055975947890e-01 3.718008795722820281e-01
0.000000000000000000e+00 9.878449470634633744e-01 1.775576205658254914e+00 0.000000000000000000e+00 -1.713569821566831575e-01 0.000000000000000000e+00 0.000000000000000000e+00 1.132947888967007044e+00 0.000000000000000000e+00 1.874772445476223348e+00
7.353063974734910246e-01 0.000000000000000000e+00 0.000000000000000000e+00 0.000000000000000000e+00 0.000000000000000000e+00 -1.511069864745132052e-01 0.000000000000000000e+00 0.000000000000000000e+00 0.000000000000000000e+00 0.000000000000000000e+00
0.000000000000000000e+00 2.007758168361875040e-01 1.169604875891916640e+00 0.000000000000000000e+00 0.000000000000000000e+00 0.000000000000000000e+00 -1.345526327102802566e-01 6.773430243989730926e-02 -4.004094640285638454e-03 1.323780582688489638e+00
0.000000000000000000e+00 0.000000000000000000e+00 1.289339627990390369e+00 -1.949072537112403192e-01 -1.082085126776744233e-01 0.000000000000000000e+00 -8.927682298400918537e-02 -9.820925524375856419e-03 0.000000000000000000e+00 0.000000000000000000e+00
6.872111280466501881e-01 0.000000000000000000e+00 0.000000000000000000e+00 -9.154822053630568002e-02 0.000000000000000000e+00 0.000000000000000000e+00 1.767144150061137120e+00 0.000000000000000000e+00 -1.046601227469696853e-02 0.000000000000000000e+00
-1.603102896699006852e-01 0.000000000000000000e+00 -1.592220062216570531e-01 -1.021949027538858745e-01 -1.062133285837547729e-02 0.000000000000000000e+00 -9.529006450677718343e-02 0.000000000000000000e+00 0.000000000000000000e+00 -1.626688847167788721e-01
