#Matriz 
-9.698487821781932861e-03 -5.725213557713446783e-02 0.000000000000000000e+00 0.000000000000000000e+00 0.000000000000000000e+00 -1.215396770171324886e-01 0.000000000000000000e+00 0.000000000000000000e+00 -1.947628746880790962e-01 -6.812115750241965438e-03
1.932708521876760344e-01 -1.114838712448607688e-01 8.691462611731077814e-01 2.841290818983577271e-01 4.308252183234499988e-01 6.929040842284319712e-01 5.763502665401951663e-01 4.314594246485623508e-01 1.947035096305705260e+00 5.467885877214668788e-01
0.000000000000000000e+00 -1.473374964924958341e-01 -1.671458445126260406e-01 -7.407891362715171568e-02 0.000000000000000000e+00 1.147921285496845467e+00 1.270617265366474680e+00 1.869704848878913639e+00 0.000000000000000000e+00 0.000000000000000000e+00
0.000000000000000000e+00 -8.555590568730549184e-02 1.250233672840374233e+00 -1.034059646549642664e-01 0.000000000000000000e+00 1.099294178801162980e+00 0.000000000000000000e+00 0.000000000000000000e+00 8.670612507395747404e-01 8.622454756820019384e-01
0.000000000000000000e+00 -1.206029791211803426e-01 0.000000000000000000e+00 0.000000000000000000e+00 -6.601570874094885022e-02 -9.761508579015519549e-02 0.000000000000000000e+00 0.000000000000000000e+00 -5.720157300481807511e-02 -1.506272344876091740e-01
1.307977269717802704e+00 -1.959541509634675771e-01 -5.959167994648400385e-02 -6.488805760442908910e-02 1.437115849810104873e+00 -7.331587598859146820e-03 -1.131994165976764610e-01 0.000000000000000000e+00 0.000000000000000000e+00 0.000000000000000000e+00
0.000000000000000000e+00 -4.525564552998345008e-02 -1.859019408721485911e-01 0.000000000000000000e+00 0.000000000000000000e+00 1.707080482153562562e+00 -9.583795278093239223e-02 6.119614652547618050e-01 0.000000000000000000e+00 0.000000000000000000e+00
0.000000000000000000e+00 -6.547023051895387025e-02 -1.335598139655611305e-01 0.000000000000000000e+00 0.000000000000000000e+00 0.000000000000000000e+00 -1.658602209297679320e-01 -7.537093047252706179e-02 0.000000000000000000e+00 -1.126183563263303267e-01
3.151509917526196247e-01 -6.028047969272836565e-02 0.000000000000000000e+00 -1.189944702206371246e-01 4.423378949187710685e-01 0.000000000000000000e+00 0.000000000000000000e+00 0.000000000000000000e+00 -1.959040654197442000e-01 0.000000000000000000e+00
1.498671761219428467e+00 -4.617083529132490899e-02 0.000000000000000000e+00 -1.343931631481824207e-01 2.929885358698982589e-01 0.000000000000000000e+00 0.000000000000000000e+00 1.516678421920886422e+00 0.000000000000000000e+00 -4.761412000370897346e-02
