#Matriz 
-1.059189403055051971e-02 3.610191750595173055e-01 0.000000000000000000e+00 -4.103686855547159645e-02 1.563432427162784855e+00 0.000000000000000000e+00 1.146713054379909780e+00 1.753820393162403901e+00 1.138639057008615119e+00 1.962016209896064733e+00
-1.911505255825909633e-01 -1.103937620679858005e-02 -1.107308842450590580e-01 0.000000000000000000e+00 9.914003399498190205e-01 0.000000000000000000e+00 1.917041436336945015e+00 0.000000000000000000e+00 3.266154062726795981e-01 1.739695973821414832e+00
0.000000000000000000e+00 1.118059633068487324e+00 -1.742762309966836565e-01 -1.173182552859646510e-01 3.095597157223239915e-01 0.000000000000000000e+00 4.957461141894909940e-01 1.361548313030632285e+00 1.638020821231310542e+00 1.308978744230597790e-01
1.754184547217692014e-01 0.000000000000000000e+00 3.751605399426174436e-01 -6.393002554371422785e-02 0.000000000000000000e+00 3.333428731978722581e-01 0.000000000000000000e+00 0.000000000000000000e+00 0.000000000000000000e+00 0.000000000000000000e+00
-3.072288562551253252e-02 -1.169703799017769996e-01 -8.623940337008012547e-02 0.000000000000000000e+00 -5.406632797933219603e-02 0.000000000000000000e+00 -2.402885302300799067e-02 0.000000000000000000e+00 0.000000000000000000e+00 0.000000000000000000e+00
0.000000000000000000e+00 0.000000000000000000e+00 0.000000000000000000e+00 -5.127996312392793521e-02 0.000000000000000000e+00 -1.728187431921359152e-01 5.097656218930168848e-02 4.247325592686064244e-01 1.422094646651685723e+00 0.000000000000000000e+00
-6.165970774551624012e-02 -2.341457036112808490e-02 -1.753412098007829101e-01 0.000000000000000000e+00 4.897636313966131638e-01 -1.900024676379641897e-01 -4.620924557150745543e-02 0.000000000000000000e+00 0.000000000000000000e+00 3.125600316748444740e-02
-1.260344561639323846e-01 0.000000000000000000e+00 -8.455205168389690051e-02 0.000000000000000000e+00 0.000000000000000000e+00 -7.002019019130736877e-02 0.000000000000000000e+00 -2.690757430296717573e-02 0.000000000000000000e+00 0.000000000000000000e+00
-2.664656908851992245e-02 -7.891244334298833096e-02 -9.122866838111623466e-02 0.000000000000000000e+00 0.000000000000000000e+00 -1.251448536737821693e-01 0.000000000000000000e+00 0.000000000000000000e+00 -1.308764348503665964e-01 0.000000000000000000e+00
-1.702754078901862200e-01 -6.256799573130323103e-03 -5.938267924485157029e-02 0.000000000000000000e+00 0.000000000000000000e+00 0.000000000000000000e+00 -1.191974434180559650e-01 0.000000000000000000e+00 0.000000000000000000e+00 -1.804016242801612102e-01
