#Matriz 
-6.475212240595806801e-02 1.517154335489313333e+00 5.187875351957242920e-01 5.059517965977735621e-01 0.000000000000000000e+00 8.752796901238817373e-01 1.126183312465903752e+00 1.285352619181950207e+00 1.595110308467602378e+00 9.757547153556491715e-01
-1.258171460960989252e-01 -1.257490237295267044e-01 0.000000000000000000e+00 0.000000000000000000e+00 0.000000000000000000e+00 -8.736795771657933363e-02 0.000000000000000000e+00 0.000000000000000000e+00 0.000000000000000000e+00 -1.402226725879858193e-01
-1.245441833860841951e-01 0.000000000000000000e+00 -1.915097753608647757e-01 0.000000000000000000e+00 0.000000000000000000e+00 -1.954853928525672468e-01 0.000000000000000000e+00 -1.259029486311834256e-01 -1.393976627521966161e-01 -9.590004532261629799e-02
-1.804787146109947948e-01 0.000000000000000000e+00 0.000000000000000000e+00 -6.695566756097226513e-02 0.000000000000000000e+00 -2.664466460956749216e-02 0.000000000000000000e+00 0.000000000000000000e+00 0.000000000000000000e+00 -6.988015345728786076e-02
0.000000000000000000e+00 0.000000000000000000e+00 0.000000000000000000e+00 0.000000000000000000e+00 -1.847300615562575965e-01 -1.592424642854359806e-01 -1.510821154363018448e-01 -6.773919232723697725e-02 -1.943947283682770089e-01 0.000000000000000000e+00
-9.881334119094867252e-02 2.460833904007704298e-01 1.355795560692069746e+00 1.730109219401129605e+00 1.479557203311256508e+00 -5.064630889264210012e-02 7.141335291112587136e-01 1.332627671883291232e+00 5.862981741385930867e-02 8.123635220394027634e-01
-9.612913327152948495e-02 0.000000000000000000e+00 0.000000000000000000e+00 0.000000000000000000e+00 1.788903967321453070e+00 -6.766715166377923994e-03 -4.053535265615471062e-02 0.000000000000000000e+00 0.000000000000000000e+00 0.000000000000000000e+00
-1.248778292349381758e-01 0.000000000000000000e+00 3.468715700140467817e-02 0.000000000000000000e+00 2.614673173485559943e-02 -1.986381210262562480e-01 0.000000000000000000e+00 -1.365843799686228544e-01 0.000000000000000000e+00 0.000000000000000000e+00
-5.389202087964211491e-02 0.000000000000000000e+00 8.143521747768334151e-02 0.000000000000000000e+00 1.128028160533575797e+00 -2.145759622071654812e-02 0.000000000000000000e+00 0.000000000000000000e+00 -7.617925896440808087e-02 0.000000000000000000e+00
-1.455069511876826982e-01 1.199434194093913053e+00 1.560621149185559275e+00 1.926088625416055855e+00 0.000000000000000000e+00 -1.617140159290812729e-01 0.000000000000000000e+00 0.000000000000000000e+00 0.000000000000000000e+00 -5.954901392971115315e-02
