#Matriz 
-5.298095554159672205e-02 0.000000000000000000e+00 0.000000000000000000e+00 0.000000000000000000e+00 0.000000000000000000e+00 0.000000000000000000e+00 0.000000000000000000e+00 2.366660031844451950e-01 1.165720528693063862e-01 0.000000000000000000e+00
0.000000000000000000e+00 -9.816710059238985264e-02 0.000000000000000000e+00 -1.178896289544656417e-01 7.048506979585453802e-01 0.000000000000000000e+00 1.369300790028270320e+00 -5.050127096273615557e-02 -2.964568828123770403e-03 -1.074462484283853075e-01
0.000000000000000000e+00 0.000000000000000000e+00 -6.696040365051228460e-02 0.000000000000000000e+00 1.148666411071047166e+00 1.874056755280213871e+00 1.211186978538362435e+00 0.000000000000000000e+00 0.000000000000000000e+00 0.000000000000000000e+00
0.000000000000000000e+00 1.312803564834678305e+00 0.000000000000000000e+00 -1.877732513941066939e-01 0.000000000000000000e+00 1.218957893195468767e+00 0.000000000000000000e+00 8.130395859498311673e-01 1.431856153003350007e+00 0.000000000000000000e+00
0.000000000000000000e+00 -1.286468614555812684e-01 -1.505302496757159325e-01 0.000000000000000000e+00 -9.535736965174249069e-02 0.000000000000000000e+00 0.000000000000000000e+00 0.000000000000000000e+00 -1.243284602946128081e-01 -1.922834968799629340e-01
0.000000000000000000e+00 0.000000000000000000e+00 -5.483715726360350456e-03 -1.586527775524139705e-01 0.000000000000000000e+00 -9.186769464609297053e-02 1.574548438098074987e+00 -4.518891769285671156e-02 -4.732639836669987748e-02 -1.896949635856955974e-01
0.000000000000000000e+00 -1.239275356859437238e-01 -1.257736474225093493e-01 0.000000000000000000e+00 0.000000000000000000e+00 -6.027856605004988655e-02 -1.294431785271984992e-01 0.000000000000000000e+00 -1.924080647816394096e-01 -1.704889160949194515e-01
-5.663306434709543258e-02 1.704506539404494703e+00 0.000000000000000000e+00 -2.593669532608535930e-02 0.000000000000000000e+00 8.245867045619075242e-01 0.000000000000000000e+00 -1.676835531825171255e-01 0.000000000000000000e+00 -1.159531933599421277e-01
-3.889063017926841503e-02 1.013355146630491976e+00 0.000000000000000000e+00 -2.813516209404154367e-02 1.674010392097528221e+00 9.843596948058497276e-01 1.992349430304265034e+00 0.000000000000000000e+00 -8.296471286524625954e-02 -4.228243855003892965e-02
0.000000000000000000e+00 7.636164041135993230e-01 0.000000000000000000e+00 0.000000000000000000e+00 1.563141273329304859e-01 1.980267147093992541e+00 6.839502684020941636e-01 1.286672956002876900e+00 4.206553355436695174e-01 -2.959702412590672557e-02
