#Matriz 
-1.443886479441026938e-01 -4.919082612077223943e-02 0.000000000000000000e+00 1.847144065974584359e+00 0.000000000000000000e+00 0.000000000000000000e+00 -1.544498453156342155e-01 8.342026979942456233e-01 -5.053456651208732345e-03 0.000000000000000000e+00
5.442215290806307060e-01 -1.752030986375990584e-01 3.711008821620545017e-01 4.825111247750986099e-01 9.469042289987734673e-01 3.545607360742168979e-01 1.465376614413045564e+00 0.000000000000000000e+00 1.820461517466500423e+00 0.000000000000000000e+00
0.000000000000000000e+00 -1.703628004840112009e-01 -4.352394316891448206e-02 0.000000000000000000e+00 0.000000000000000000e+00 0.000000000000000000e+00 -1.105891568919009638e-01 1.940891927032230013e+00 -1.281958750840636596e-01 -1.879406150057218450e-01
-4.229413911003417070e-02 -1.800287373321101947e-01 0.000000000000000000e+00 -6.102540506416945232e-02 -1.835674450774121835e-01 0.000000000000000000e+00 0.000000000000000000e+00 0.000000000000000000e+00 0.000000000000000000e+00 -1.927005589929460250e-01
0.000000000000000000e+00 -1.981567964030317708e-01 0.000000000000000000e+00 1.756396028889376737e+00 -1.739980551154401978e-01 0.000000000000000000e+00 -2.599491942137415260e-02 0.000000000000000000e+00 -1.524527867296479877e-01 -1.249789273204435641e-01
0.000000000000000000e+00 -9.598062116984323877e-02 0.000000000000000000e+00 0.000000000000000000e+00 0.000000000000000000e+00 -2.120190242685811299e-02 -1.312205282274881424e-01 2.992252311101051276e-02 -1.844324402738075908e-01 -7.686534292063068596e-02
1.456769702244159026e+00 -6.998493488868706702e-02 5.159810457868050371e-01 0.000000000000000000e+00 5.787228729533628879e-01 7.229554920469436485e-01 -1.867981695200851555e-01 0.000000000000000000e+00 0.000000000000000000e+00 0.000000000000000000e+00
-4.436289435235239026e-02 0.000000000000000000e+00 -8.203410042150752202e-02 0.000000000000000000e+00 0.000000000000000000e+00 -1.451422396496591938e-01 0.000000000000000000e+00 -5.145358218955475849e-02 0.000000000000000000e+00 0.000000000000000000e+00
9.361319544664934433e-01 -6.916805098918187011e-02 1.641937351657558608e-01 0.000000000000000000e+00 6.525396645132941487e-01 9.242744515219758483e-02 0.000000000000000000e+00 0.000000000000000000e+00 -7.079152916124349659e-02 0.000000000000000000e+00
0.000000000000000000e+00 0.000000000000000000e+00 9.896279884825318618e-01 9.611589516996317251e-01 1.910931845046297983e+00 4.697677466560001847e-02 0.000000000000000000e+00 0.000000000000000000e+00 0.000000000000000000e+00 -1.852224008256875276e-01
