#Matriz 
-1.109450048078320511e-01 6.474569924297310930e-01 -1.115516297392819545e-01 0.000000000000000000e+00 1.410583241913804464e+00 0.000000000000000000e+00 0.000000000000000000e+00 9.677426366766734844e-01 1.542047784774496666e+00 -3.242572510668197822e-02
-1.441151356035361708e-01 -1.155937589036306647e-02 0.000000000000000000e+00 0.000000000000000000e+00 5.629908532778826746e-02 0.000000000000000000e+00 -5.711413594316164244e-02 1.193938605115950180e+00 1.208303244847857005e-01 -5.366120722949486131e-03
1.324172340115923330e+00 0.000000000000000000e+00 -5.258634453589472457e-02 5.313731157405023886e-01 0.000000000000000000e+00 1.364181058707309102e+00 1.989907602754037219e+00 0.000000000000000000e+00 0.000000000000000000e+00 1.132469960955288402e+00
0.000000000000000000e+00 0.000000000000000000e+00 -1.372493018085027827e-01 -2.553738251544199894e-02 0.000000000000000000e+00 0.000000000000000000e+00 0.000000000000000000e+00 7.431922016431891098e-01 9.212824451030774409e-01 -1.078784786540674667e-01
-1.471768133885562324e-01 -3.111491883411026185e-02 0.000000000000000000e+00 0.000000000000000000e+00 -1.358864774640939910e-01 0.000000000000000000e+00 -2.487880379169316036e-02 0.000000000000000000e+00 1.860956859561502474e+00 -4.642470925953828126e-02
0.000000000000000000e+00 0.000000000000000000e+00 -1.502963336105362924e-01 0.000000000000000000e+00 0.000000000000000000e+00 -3.569751637173217834e-02 0.000000000000000000e+00 0.000000000000000000e+00 0.000000000000000000e+00 -7.593044669383200440e-02
0.000000000000000000e+00 9.515083752540502982e-01 -1.343468690644933072e-01 0.000000000000000000e+00 8.459232937440825939e-01 0.000000000000000000e+00 -1.535513004825973526e-01 1.706446210178037104e+00 1.007994526147324432e+00 -1.441461049114276805e-01
-3.688914476638745221e-02 -1.516108338329740790e-01 0.000000000000000000e+00 -7.614229370029486355e-02 0.000000000000000000e+00 0.000000000000000000e+00 -1.699408927474336251e-01 -7.392256818021858411e-02 0.000000000000000000e+00 -1.921849759967030891e-01
-1.871449708851601612e-01 -4.546884683280649764e-02 0.000000000000000000e+00 -9.673143417874584260e-02 -1.440022152975469760e-01 0.000000000000000000e+00 -1.677647559995807114e-01 0.000000000000000000e+00 -1.588326300750746503e-02 0.000000000000000000e+00
1.229575256763944191e+00 1.265837281672714587e+00 -1.450872087554687384e-01 4.738307787978539576e-01 5.277337404468247506e-01 1.117644310076652214e+00 9.834166138909448129e-01 1.781222525546985125e+00 0.000000000000000000e+00 -5.377031887218571005e-02
