#Matriz 
-1.063625470121880440e-01 0.000000000000000000e+00 1.685735369028447561e+00 1.269186090860899840e+00 1.806788625953291039e+00 7.930773279488940730e-01 0.000000000000000000e+00 1.503407899840207840e-01 0.000000000000000000e+00 0.000000000000000000e+00
0.000000000000000000e+00 -1.546050664474996339e-01 0.000000000000000000e+00 0.000000000000000000e+00 1.117840364006017495e+00 6.710726070884305283e-01 1.660453357490651927e+00 1.391329971239902985e-01 0.000000000000000000e+00 0.000000000000000000e+00
-1.876774917430179268e-01 0.000000000000000000e+00 -1.096208658808586200e-01 -1.588490028250449382e-01 3.805086973868521127e-01 9.839212055006234525e-01 1.290411680602217004e-01 0.000000000000000000e+00 0.000000000000000000e+00 5.905673730823002288e-02
-3.504161021083056909e-02 0.000000000000000000e+00 6.180862434044691600e-01 -1.479807844457618482e-01 5.396980291702382360e-01 0.000000000000000000e+00 0.000000000000000000e+00 1.985750835542273496e+00 0.000000000000000000e+00 0.000000000000000000e+00
-1.430149337575214730e-01 -8.404547918363565462e-02 -1.024840793958356200e-01 -1.480999710403075598e-01 -1.190243726181219180e-01 0.000000000000000000e+00 0.000000000000000000e+00 0.000000000000000000e+00 6.369885170559179688e-01 1.907614648366561694e+00
-4.669829747057490515e-02 -6.544866180611808026e-02 -1.846411633947455666e-01 0.000000000000000000e+00 0.000000000000000000e+00 -1.843122057295036587e-01 -1.600217322410890930e-01 -9.453768984363052075e-02 3.976960531720294956e-01 1.415766480208357825e+00
0.000000000000000000e+00 -1.180834702289279142e-01 -1.155250187169832438e-01 0.000000000000000000e+00 0.000000000000000000e+00 8.918111378470423567e-01 -9.691841466525011328e-02 -1.342704975542732271e-01 0.000000000000000000e+00 0.000000000000000000e+00
-1.417616195428291481e-01 -3.215426546024618276e-02 0.000000000000000000e+00 -6.969848069898441911e-02 0.000000000000000000e+00 1.758200848576698005e+00 5.710363931931037307e-01 -5.275889154690780597e-02 0.000000000000000000e+00 1.614847613380435032e+00
0.000000000000000000e+00 0.000000000000000000e+00 0.000000000000000000e+00 0.000000000000000000e+00 -3.571715168149136588e-05 -7.310076710644579367e-02 0.000000000000000000e+00 0.000000000000000000e+00 -5.330751964040818941e-02 0.000000000000000000e+00
0.000000000000000000e+00 0.000000000000000000e+00 -1.867857184107826196e-01 0.000000000000000000e+00 -2.273143090309233394e-02 -5.358087430844753890e-02 0.000000000000000000e+00 -1.310254282382756486e-01 0.000000000000000000e+00 -1.926983968044309117e-02
