#Matriz 
-6.279852289365216167e-02 0.000000000000000000e+00 2.169781883011163703e-01 0.000000000000000000e+00 -6.724794877720567665e-02 0.000000000000000000e+00 0.000000000000000000e+00 0.000000000000000000e+00 0.000000000000000000e+00 0.000000000000000000e+00
0.000000000000000000e+00 -5.681227164490185860e-02 0.000000000000000000e+00 -1.298414417951563038e-01 -7.830204693290609974e-02 -1.882216478588951969e-01 0.000000000000000000e+00 6.530152579403916135e-01 -1.571724824244376262e-01 -9.697927806863548827e-02
-1.649903359227131439e-01 0.000000000000000000e+00 -8.458387100418168769e-02 -1.812486949352262178e-01 -2.063903404801439509e-02 0.000000000000000000e+00 -4.567929385981750467e-02 5.079279743941316205e-01 -1.539198562418286897e-02 -1.366984340199798309e-01
0.000000000000000000e+00 8.808520019128582845e-01 1.024598638833033482e+00 -1.762693055196679071e-01 -8.806114274760290517e-02 -7.576209420387747598e-03 0.000000000000000000e+00 0.000000000000000000e+00 -1.693605253739605132e-02 0.000000000000000000e+00
6.136825099521896476e-01 2.917018408956693065e-01 1.924008563761660850e+00 4.723187517557765336e-01 -9.251771825549388872e-02 5.809863269027841781e-01 0.000000000000000000e+00 3.962227144022367753e-02 1.816343224587500194e+00 1.089090814761921822e+00
0.000000000000000000e+00 7.047984040865120647e-01 0.000000000000000000e+00 1.556996912009278589e-02 -3.332790301937935823e-02 -5.706129393238804082e-02 0.000000000000000000e+00 0.000000000000000000e+00 4.261966999923556543e-01 0.000000000000000000e+00
0.000000000000000000e+00 0.000000000000000000e+00 4.640409966576810596e-01 0.000000000000000000e+00 0.000000000000000000e+00 0.000000000000000000e+00 -9.903091197470177687e-02 0.000000000000000000e+00 0.000000000000000000e+00 0.000000000000000000e+00
0.000000000000000000e+00 -1.536142441470271860e-02 -4.431020190816628568e-02 0.000000000000000000e+00 -6.911174318806123651e-02 0.000000000000000000e+00 0.000000000000000000e+00 -7.022307167045116483e-02 0.000000000000000000e+00 -4.681557133043306312e-02
0.000000000000000000e+00 1.582423182979941112e+00 1.997325930404093119e+00 1.848658728718314936e+00 -1.808755554322551973e-01 -1.349313526462029011e-01 0.000000000000000000e+00 0.000000000000000000e+00 -4.779567713427315678e-02 0.000000000000000000e+00
0.000000000000000000e+00 1.970989340447885541e+00 1.151732939775211850e-01 0.000000000000000000e+00 -5.185259177894296911e-02 0.000000000000000000e+00 0.000000000000000000e+00 1.866103002268346911e+00 0.000000000000000000e+00 -3.858999254398218920e-02
