#Matriz 
-8.550924699485520919e-02 0.000000000000000000e+00 1.874150264584326209e+00 0.000000000000000000e+00 1.983115573903388107e+00 9.178017113796810289e-01 -9.792037177522633362e-02 0.000000000000000000e+00 0.000000000000000000e+00 -1.172827294542058141e-01
0.000000000000000000e+00 -1.402116955002457865e-01 0.000000000000000000e+00 0.000000000000000000e+00 0.000000000000000000e+00 0.000000000000000000e+00 0.000000000000000000e+00 0.000000000000000000e+00 0.000000000000000000e+00 -1.322542558148307457e-01
-4.668864551532023871e-02 0.000000000000000000e+00 -1.120943315663472939e-01 -8.756761457647173341e-02 0.000000000000000000e+00 0.000000000000000000e+00 0.000000000000000000e+00 0.000000000000000000e+00 -1.908986012983963088e-01 0.000000000000000000e+00
0.000000000000000000e+00 0.000000000000000000e+00 8.241799162998402206e-01 -3.666482155111037283e-02 1.201098523741606749e+00 5.503854436751927093e-01 -1.414684623731518875e-01 -3.552366057987040027e-02 -5.551903376924705383e-03 -3.731884616359426587e-03
-8.830048782347942049e-02 0.000000000000000000e+00 0.000000000000000000e+00 -3.215101036677343871e-02 -2.182131431385818734e-02 0.000000000000000000e+00 0.000000000000000000e+00 0.000000000000000000e+00 -1.794984846872755557e-01 -5.134396312326183764e-02
-7.238034182915535630e-02 0.000000000000000000e+00 0.000000000000000000e+00 -1.538444144205986797e-01 0.000000000000000000e+00 -1.167797633235913707e-01 0.000000000000000000e+00 0.000000000000000000e+00 -6.937064380363809624e-02 0.000000000000000000e+00
8.792121847405622859e-01 0.000000000000000000e+00 0.000000000000000000e+00 1.752740628422307489e+00 0.000000000000000000e+00 0.000000000000000000e+00 -6.040333104497208790e-03 6.019737686892328021e-01 1.928880218181417749e+00 -1.616134843899650481e-02
0.000000000000000000e+00 0.000000000000000000e+00 0.000000000000000000e+00 3.732817001719992422e-01 0.000000000000000000e+00 0.000000000000000000e+00 -1.017495691423689064e-01 -5.601955136543812497e-02 1.384409969921385652e+00 -1.291820247577587233e-01
0.000000000000000000e+00 0.000000000000000000e+00 1.324325754406244116e+00 5.378235750729176701e-01 1.241424373084940580e+00 5.400728049640168837e-01 -1.130283058611528252e-01 -4.662195642479503160e-02 -1.311134391932858578e-01 -4.304239873984303660e-02
8.332968042819028920e-01 4.924292084501649125e-01 0.000000000000000000e+00 4.060017240581303977e-01 1.899100009434612435e+00 0.000000000000000000e+00 1.253340543404598550e+00 1.734237193647127695e+00 1.769444869667559317e+00 -2.575715482805032361e-02
