#Matriz 
-1.847123535846960929e-01 -1.506005699721294500e-01 1.806542079783168608e+00 0.000000000000000000e+00 0.000000000000000000e+00 2.373940019469262808e-01 -1.512295749479942442e-01 0.000000000000000000e+00 9.699623032237258968e-02 0.000000000000000000e+00
1.472384759767857432e-01 -1.883970576591116053e-01 6.987773382787396681e-01 1.307685687371236138e+00 7.214538686943656742e-01 6.088919558117455999e-01 9.158311051747909382e-01 1.774239642636510350e-01 1.502492129194320958e+00 1.681716272546114332e-01
-2.826508490227124318e-02 -1.429976317593417146e-01 -1.677968813916496937e-01 0.000000000000000000e+00 0.000000000000000000e+00 -8.447435698785375757e-02 0.000000000000000000e+00 -1.503980431019963093e-01 0.000000000000000000e+00 -7.919588336693995576e-03
0.000000000000000000e+00 -1.327324362707830718e-01 0.000000000000000000e+00 -2.040476767145691511e-02 0.000000000000000000e+00 0.000000000000000000e+00 -1.004325591219043246e-01 0.000000000000000000e+00 0.000000000000000000e+00 0.000000000000000000e+00
0.000000000000000000e+00 -1.415409419270980684e-01 0.000000000000000000e+00 0.000000000000000000e+00 -1.616856758091016477e-01 0.000000000000000000e+00 -1.101927487341265444e-01 0.000000000000000000e+00 0.000000000000000000e+00 0.000000000000000000e+00
-1.733893995987417780e-01 -1.070987204449942304e-01 1.119363896842865636e+00 0.000000000000000000e+00 0.000000000000000000e+00 -1.742106078057570895e-01 0.000000000000000000e+00 -7.247633919460393093e-02 0.000000000000000000e+00 -1.571139037259164373e-01
1.185627831723193193e+00 -1.521588225617784285e-01 0.000000000000000000e+00 2.680681885736682091e-01 1.030595701680618204e+00 0.000000000000000000e+00 -1.903864234264576183e-01 9.431079811860223483e-01 0.000000000000000000e+00 3.407362302818461863e-02
0.000000000000000000e+00 -1.760221785359945557e-01 2.910700912248846972e-01 0.000000000000000000e+00 0.000000000000000000e+00 1.797169229091221565e+00 -1.249382770736309073e-01 -1.240335195935807350e-01 4.815048334382383555e-01 0.000000000000000000e+00
-1.473132572143684704e-01 -1.727465566479202685e-01 0.000000000000000000e+00 0.000000000000000000e+00 0.000000000000000000e+00 0.000000000000000000e+00 0.000000000000000000e+00 -1.355558812413798220e-01 -1.668638884242560905e-01 -8.225549357770063630e-02
0.000000000000000000e+00 -8.910392760330893003e-02 3.009062892677649703e-01 0.000000000000000000e+00 0.000000000000000000e+00 1.918597560310183914e+00 -1.565041797110095501e-01 0.000000000000000000e+00 4.707013394919561389e-01 -1.009518435872143287e-02
