#Matriz 
-1.596669587626771691e-01 7.309332481403418846e-02 -5.555238455057127933e-02 0.000000000000000000e+00 -8.060136142956429717e-02 1.132725105060987225e+00 0.000000000000000000e+00 -1.473464312018524236e-02 7.691101516115450565e-01 -8.005970770589679320e-02
-5.172359848382997172e-02 -1.554801656962124801e-01 0.000000000000000000e+00 0.000000000000000000e+00 -1.602161438467974985e-01 0.000000000000000000e+00 -5.238819270438913045e-02 -2.854820085722398464e-03 0.000000000000000000e+00 -8.519636786395308470e-02
1.934337767760339055e-01 0.000000000000000000e+00 -2.555166238953334931e-02 0.000000000000000000e+00 0.000000000000000000e+00 0.000000000000000000e+00 0.000000000000000000e+00 -3.906318626078109091e-02 2.436113401284532021e-01 -1.468635349065489093e-01
0.000000000000000000e+00 0.000000000000000000e+00 0.000000000000000000e+00 -4.896334918395737340e-02 5.548495158378403680e-01 0.000000000000000000e+00 0.000000000000000000e+00 0.000000000000000000e+00 0.000000000000000000e+00 0.000000000000000000e+00
1.220169781145741039e+00 9.944125010310749246e-01 0.000000000000000000e+00 -9.541875990870528346e-02 -1.306064510113913724e-01 4.846475898148108197e-01 0.000000000000000000e+00 0.000000000000000000e+00 1.751199109660885656e+00 -1.721223016273631945e-01
-5.492714578208149345e-02 0.000000000000000000e+00 0.000000000000000000e+00 0.000000000000000000e+00 -1.803217113846079522e-01 -5.203996550507599544e-02 -4.450893181114312820e-03 -6.483745461462593618e-02 0.000000000000000000e+00 -6.072218807139287411e-02
0.000000000000000000e+00 1.532696718448552486e+00 0.000000000000000000e+00 0.000000000000000000e+00 0.000000000000000000e+00 7.017833900421801552e-01 -4.937100488319241809e-02 0.000000000000000000e+00 0.000000000000000000e+00 0.000000000000000000e+00
1.642237637079831503e+00 1.181690446331091326e+00 1.387058972598833373e+00 0.000000000000000000e+00 0.000000000000000000e+00 5.456995946757590144e-01 0.000000000000000000e+00 -4.714312716936468889e-02 1.875601928113144634e+00 0.000000000000000000e+00
-1.817320151086064817e-01 0.000000000000000000e+00 -4.355392912117803800e-02 0.000000000000000000e+00 -6.640948226600569548e-02 0.000000000000000000e+00 0.000000000000000000e+00 -1.720156830955391625e-01 -7.137695765262618008e-02 -3.193026933302933745e-02
1.973598803002737823e+00 3.428145624034144578e-01 8.667353101176076269e-01 0.000000000000000000e+00 1.993977451886218333e+00 1.147672550359013499e+00 0.000000000000000000e+00 0.000000000000000000e+00 1.032827390708856319e+00 -1.154709020865422042e-01
