#Matriz 
-1.770080371111304729e-01 -1.698086238514477930e-01 -7.164461249609581361e-02 -1.371038713779310636e-01 0.000000000000000000e+00 -1.578670458602614568e-01 0.000000000000000000e+00 -9.469707541398682260e-02 1.080305026148382419e+00 1.471482132779163621e+00
1.362541970786876000e+00 -1.454050061742061251e-01 9.958645353997979122e-01 1.060417289717951128e+00 0.000000000000000000e+00 0.000000000000000000e+00 0.000000000000000000e+00 0.000000000000000000e+00 6.291413827631548994e-01 1.741159050838944289e+00
6.037515537900615126e-01 -1.487955039373940573e-02 -9.974713375853749842e-02 0.000000000000000000e+00 -1.414975503512107546e-01 -1.773480947288088583e-01 6.801461483311088685e-01 -1.257987091402886504e-01 9.791911431622433160e-01 1.303014114307346594e+00
1.313914364558730119e+00 -8.279897401825971059e-02 0.000000000000000000e+00 -1.086369279510620844e-01 -1.054836874619702186e-01 -1.644745670391008774e-01 0.000000000000000000e+00 -1.374125141993804144e-01 1.361284292528760931e+00 5.919849540503197005e-01
0.000000000000000000e+00 0.000000000000000000e+00 2.966638135164068046e-03 1.819886541739832442e+00 -4.613656468227276403e-02 1.362594830235281940e+00 0.000000000000000000e+00 0.000000000000000000e+00 0.000000000000000000e+00 0.000000000000000000e+00
5.014113048714743393e-01 0.000000000000000000e+00 1.210001017234895615e+00 7.449086044449602095e-01 -1.170661226281094341e-01 -1.589441644179949154e-01 1.743747481572102798e+00 -1.728356858381642769e-01 2.294994622280894792e-01 1.189734911204206380e+00
0.000000000000000000e+00 0.000000000000000000e+00 -9.521701700169436788e-02 0.000000000000000000e+00 0.000000000000000000e+00 -6.404002786236773215e-02 -2.855665855477387480e-02 0.000000000000000000e+00 0.000000000000000000e+00 0.000000000000000000e+00
1.776076785272440173e+00 0.000000000000000000e+00 8.459961437137668572e-01 6.705019795793774051e-01 0.000000000000000000e+00 1.110028528926922275e+00 0.000000000000000000e+00 -9.069341961353627468e-02 0.000000000000000000e+00 0.000000000000000000e+00
-1.744575036208981800e-01 -1.566805861934660871e-01 -1.779025718966199265e-01 -9.135207512838533495e-02 0.000000000000000000e+00 -6.275391423986716177e-02 0.000000000000000000e+00 0.000000000000000000e+00 -7.936266570507451157e-02 -2.126469327983793092e-03
-1.401343563305832152e-01 -1.773315822577592737e-01 -9.567849599929401094e-03 -1.018326786392636657e-01 0.000000000000000000e+00 -2.031297266266074344e-03 0.000000000000000000e+00 0.000000000000000000e+00 1.561980779047401402e+00 -3.174544438959383402e-02
