#Matriz 
-1.006350224457077530e-01 1.402304964385510333e+00 0.000000000000000000e+00 5.293042306217099480e-01 1.315400240920956421e+00 0.000000000000000000e+00 3.537052016792370246e-01 0.000000000000000000e+00 4.321143635800748228e-01 5.234550923165754988e-01
-1.478743622440752414e-01 -9.908172997266860571e-02 -1.003059138092455421e-01 -3.889057288217734418e-03 4.640331012301968094e-01 -5.172601599060153849e-02 0.000000000000000000e+00 -3.072927319823872891e-02 7.970503643281927619e-01 2.561799073701038765e-01
0.000000000000000000e+00 8.494711548188502714e-01 -6.780934449130231190e-02 0.000000000000000000e+00 0.000000000000000000e+00 0.000000000000000000e+00 1.224458772882409896e+00 0.000000000000000000e+00 0.000000000000000000e+00 0.000000000000000000e+00
-8.910645130653804813e-02 1.672275972677665479e+00 0.000000000000000000e+00 -1.148604222821545673e-01 3.207360625366140194e-01 -2.673100400039294527e-02 3.607585189757078759e-02 0.000000000000000000e+00 9.994580266622550280e-01 6.869314688663679114e-01
-2.521310057371162205e-02 -1.721877197859550401e-01 0.000000000000000000e+00 -1.988404021047734949e-01 -1.498481592862796197e-01 -1.050008135569273221e-01 0.000000000000000000e+00 0.000000000000000000e+00 0.000000000000000000e+00 0.000000000000000000e+00
0.000000000000000000e+00 3.001393579130615663e-01 0.000000000000000000e+00 3.007264862822185414e-01 1.820851864192896130e+00 -4.676996688264070667e-02 7.488542904152106772e-02 0.000000000000000000e+00 0.000000000000000000e+00 0.000000000000000000e+00
-1.466048650645592477e-01 0.000000000000000000e+00 -5.304114449911687817e-02 -1.549927870355737314e-01 0.000000000000000000e+00 -1.888940944383913356e-01 -1.579229675363053864e-01 0.000000000000000000e+00 2.956501933643973512e-01 0.000000000000000000e+00
0.000000000000000000e+00 1.353981993073714030e-01 0.000000000000000000e+00 0.000000000000000000e+00 0.000000000000000000e+00 0.000000000000000000e+00 0.000000000000000000e+00 -8.504144770691279831e-02 0.000000000000000000e+00 0.000000000000000000e+00
-1.387084324559133275e-01 -1.730479094032013332e-01 0.000000000000000000e+00 -7.807611016667480308e-02 0.000000000000000000e+00 0.000000000000000000e+00 -1.297718149507428309e-01 0.000000000000000000e+00 -1.867033843427813311e-01 0.000000000000000000e+00
-1.716206561732877833e-01 -1.267827333248255639e-01 0.000000000000000000e+00 -3.903640287691752253e-02 0.000000000000000000e+00 0.000000000000000000e+00 0.000000000000000000e+00 0.000000000000000000e+00 0.000000000000000000e+00 -1.915318213683901705e-01
