#Matriz 
-3.565174824160941697e-02 0.000000000000000000e+00 1.950913300879199008e+00 0.000000000000000000e+00 0.000000000000000000e+00 1.758042017614719121e+00 -1.255779650162250072e-01 -1.215227623981207650e-01 -2.488998021132640334e-02 -1.127458189048774762e-01
0.000000000000000000e+00 -5.368150388517922700e-02 0.000000000000000000e+00 0.000000000000000000e+00 0.000000000000000000e+00 0.000000000000000000e+00 0.000000000000000000e+00 0.000000000000000000e+00 1.091818115435682301e+00 1.932689666248021965e-01
-7.296073844525508695e-03 0.000000000000000000e+00 -7.471707074749837918e-02 0.000000000000000000e+00 0.000000000000000000e+00 -1.645517928424778398e-01 -1.811867535660774686e-01 0.000000000000000000e+00 -1.994074779557575370e-03 -8.188727165069582814e-02
0.000000000000000000e+00 0.000000000000000000e+00 0.000000000000000000e+00 -9.175194628430181909e-02 -1.907974495259704417e-01 1.924226815788500966e+00 -1.910120094923977233e-02 -7.615688424949263076e-03 -1.765397527947711875e-01 0.000000000000000000e+00
0.000000000000000000e+00 0.000000000000000000e+00 0.000000000000000000e+00 1.498370051237385647e+00 -1.038411846148604156e-01 0.000000000000000000e+00 0.000000000000000000e+00 0.000000000000000000e+00 1.275493251183033250e+00 0.000000000000000000e+00
-1.603365634367762138e-01 0.000000000000000000e+00 7.120766911759941475e-01 -1.373697805084743775e-02 0.000000000000000000e+00 -1.293865779073157529e-01 -1.262250723183238887e-01 -9.383517225029409936e-02 -1.327685624343387383e-01 -6.235092362680619282e-02
3.210047414443164548e-01 0.000000000000000000e+00 1.764120227012792919e+00 1.166633689699402066e+00 0.000000000000000000e+00 1.306562340898273611e+00 -1.919357775057253454e-02 0.000000000000000000e+00 0.000000000000000000e+00 0.000000000000000000e+00
4.647518558005001577e-01 0.000000000000000000e+00 0.000000000000000000e+00 1.126971113753960418e+00 0.000000000000000000e+00 7.005146155876642577e-01 0.000000000000000000e+00 -6.246244754499526153e-02 0.000000000000000000e+00 0.000000000000000000e+00
1.024512319601023291e+00 -1.200269643048717250e-01 3.535837479781713810e-01 4.020521055220172002e-01 -5.248563370276666806e-02 1.013393972848414926e+00 0.000000000000000000e+00 0.000000000000000000e+00 -5.718080252746689240e-02 0.000000000000000000e+00
1.922249288302362302e+00 -5.975691284488671325e-03 1.105043569330068642e-01 0.000000000000000000e+00 0.000000000000000000e+00 1.202491451427729618e+00 0.000000000000000000e+00 0.000000000000000000e+00 0.000000000000000000e+00 -8.287317147536654716e-02
