#Matriz 
-5.597035188202086758e-02 -1.058060203397377386e-01 0.000000000000000000e+00 -1.552496299250012146e-01 1.967934172603604148e+00 -1.092986241642691647e-01 0.000000000000000000e+00 0.000000000000000000e+00 0.000000000000000000e+00 0.000000000000000000e+00
1.653765195704380186e+00 -1.433921812179960176e-01 0.000000000000000000e+00 -1.488824027538908079e-01 1.470573883419381112e+00 1.527329142099902892e+00 0.000000000000000000e+00 -6.436036916206666625e-02 -9.267042628801192006e-02 0.000000000000000000e+00
0.000000000000000000e+00 0.000000000000000000e+00 -1.432404577387552391e-01 -1.498139529316333263e-01 0.000000000000000000e+00 5.072936464713022620e-01 0.000000000000000000e+00 -2.171705881957721948e-02 0.000000000000000000e+00 0.000000000000000000e+00
1.587945926589303669e+00 1.517932933806274143e+00 3.096703347514679905e-01 -8.962482382002322223e-02 1.554197690509661278e+00 1.003422987593732385e+00 0.000000000000000000e+00 9.680749172333542596e-01 0.000000000000000000e+00 2.730326576292219087e-02
-1.786382208033678864e-01 -1.401084855508830385e-01 0.000000000000000000e+00 -4.515948874148949937e-02 -5.966454354035100049e-02 -1.703735600498297309e-01 0.000000000000000000e+00 0.000000000000000000e+00 0.000000000000000000e+00 0.000000000000000000e+00
1.606245504347780573e+00 -1.094130248960618473e-01 -1.996038782237556930e-01 -6.625206616463850950e-02 1.813598696692592105e+00 -1.461723699087684736e-01 0.000000000000000000e+00 -1.731194234957094957e-01 0.000000000000000000e+00 0.000000000000000000e+00
0.000000000000000000e+00 0.000000000000000000e+00 0.000000000000000000e+00 0.000000000000000000e+00 0.000000000000000000e+00 0.000000000000000000e+00 -1.558311726280535714e-01 -1.523337480805508903e-01 -2.389703056808381229e-02 0.000000000000000000e+00
0.000000000000000000e+00 1.317579760072679074e+00 1.482909687522588227e+00 -1.703379090106981186e-01 0.000000000000000000e+00 1.824249608630805985e+00 1.695282985384461982e+00 -1.571853547298071863e-01 8.217617303660640360e-02 1.318581806831793379e+00
0.000000000000000000e+00 1.004748255318172356e+00 0.000000000000000000e+00 0.000000000000000000e+00 0.000000000000000000e+00 0.000000000000000000e+00 1.203514182591580495e+00 -1.443975906295178191e-01 -5.978753775771675216e-02 1.177950931989217631e+00
0.000000000000000000e+00 0.000000000000000000e+00 0.000000000000000000e+00 -1.818651255576331227e-01 0.000000000000000000e+00 0.000000000000000000e+00 0.000000000000000000e+00 -4.599421690097169751e-02 -4.376268136837296180e-02 -1.880725121685273837e-01
