#Matriz 
-5.314309248925555562e-02 1.764178778003829162e+00 1.450611197282744236e+00 1.331295139605694677e+00 5.641374008104649285e-01 3.518279766464424974e-01 0.000000000000000000e+00 1.903016211786882961e+00 0.000000000000000000e+00 1.737210740400237707e+00
-1.337243118814158971e-01 -1.305918961865046579e-01 1.031839354439937573e+00 0.000000000000000000e+00 0.000000000000000000e+00 0.000000000000000000e+00 0.000000000000000000e+00 0.000000000000000000e+00 0.000000000000000000e+00 -6.821906019730029219e-03
-6.493366171838124701e-02 -2.397408659454807259e-02 -8.692793266029563704e-02 -1.758333691914114594e-01 0.000000000000000000e+00 -5.307943099181518243e-02 0.000000000000000000e+00 -1.290110886585948691e-01 -7.174435564851644465e-02 -8.713701547939163572e-02
-6.439243768794215839e-02 0.000000000000000000e+00 8.863114624411370102e-01 -4.599436535611772098e-02 0.000000000000000000e+00 0.000000000000000000e+00 -1.992361518237280305e-01 -1.569367962927920024e-01 -1.294214392999189778e-01 -3.386384881838866434e-02
-1.686537931179408201e-01 0.000000000000000000e+00 0.000000000000000000e+00 0.000000000000000000e+00 -1.840692368826271907e-01 0.000000000000000000e+00 -1.189561488031356390e-01 0.000000000000000000e+00 0.000000000000000000e+00 -1.157072758298156867e-01
-9.626071905339173354e-03 0.000000000000000000e+00 7.712274421236198219e-01 0.000000000000000000e+00 0.000000000000000000e+00 -8.603859952660937449e-02 -1.391765368557248972e-01 0.000000000000000000e+00 0.000000000000000000e+00 -1.744486221412380744e-01
0.000000000000000000e+00 0.000000000000000000e+00 0.000000000000000000e+00 1.092151590522250748e+00 2.277279780380334628e-01 1.105323459827267651e-01 -1.579835139524560506e-01 1.947649110527855498e+00 0.000000000000000000e+00 0.000000000000000000e+00
-1.908142224831762546e-01 0.000000000000000000e+00 1.239464914505186810e+00 2.718963343623479467e-01 0.000000000000000000e+00 0.000000000000000000e+00 -1.602825777244857863e-01 -9.050858747665485593e-02 0.000000000000000000e+00 -4.014637006774710720e-02
0.000000000000000000e+00 0.000000000000000000e+00 1.552235729001359976e+00 1.473436158255422734e+00 0.000000000000000000e+00 0.000000000000000000e+00 0.000000000000000000e+00 0.000000000000000000e+00 -1.714180192215879542e-02 0.000000000000000000e+00
-1.804968736327650092e-02 4.592521923661463390e-02 8.700730764014179552e-01 1.170358394981985128e+00 9.560708722255439884e-01 1.765616536782787405e+00 0.000000000000000000e+00 5.167927817261350754e-01 0.000000000000000000e+00 -8.890418783626304056e-02
