#Matriz 
-5.266663379240282133e-02 2.587540066195881394e-03 0.000000000000000000e+00 0.000000000000000000e+00 0.000000000000000000e+00 1.645088744348092380e+00 2.689687945897152321e-01 0.000000000000000000e+00 -1.941133443348635468e-01 1.425026964028643039e+00
-1.788306229953780246e-01 -1.297474467290510303e-01 -7.045150668714643405e-02 -1.472229164659554501e-01 -1.001292614982505352e-02 1.969838821926637173e-01 0.000000000000000000e+00 -6.713745627724108933e-02 -3.343112464900426656e-02 0.000000000000000000e+00
0.000000000000000000e+00 1.142862176748736802e+00 -8.759648282763310423e-02 0.000000000000000000e+00 1.250314137033528894e+00 6.734790865720001740e-01 0.000000000000000000e+00 0.000000000000000000e+00 0.000000000000000000e+00 0.000000000000000000e+00
0.000000000000000000e+00 3.060184970595016818e-01 0.000000000000000000e+00 -8.731355881294929067e-02 1.278261094650906982e+00 2.101784647698770048e-01 1.677042584867378672e+00 0.000000000000000000e+00 0.000000000000000000e+00 1.234912408093089997e+00
0.000000000000000000e+00 4.956339131705407297e-01 -1.097164921940717852e-01 -6.170040194869277905e-02 -3.142951013112549406e-03 0.000000000000000000e+00 0.000000000000000000e+00 -7.894854127432554547e-02 -1.138348938550143852e-01 0.000000000000000000e+00
-7.614150786067803989e-02 -3.668312175872268533e-04 -1.200397070109086584e-01 -1.675333371258893797e-02 0.000000000000000000e+00 -1.926639787368489374e-03 0.000000000000000000e+00 -1.046713841976458781e-01 -1.177629643153880745e-01 0.000000000000000000e+00
-6.578198769264989587e-02 0.000000000000000000e+00 0.000000000000000000e+00 -1.159814700903389478e-01 0.000000000000000000e+00 0.000000000000000000e+00 -1.416176505428435872e-01 0.000000000000000000e+00 -7.038790562071797763e-02 0.000000000000000000e+00
0.000000000000000000e+00 6.434359066191650545e-01 0.000000000000000000e+00 0.000000000000000000e+00 8.129042916384681128e-01 1.192815882938530914e+00 0.000000000000000000e+00 -1.457393810899996200e-01 -6.360680641461580534e-03 0.000000000000000000e+00
1.989846741590307388e+00 8.359896329733329523e-02 0.000000000000000000e+00 0.000000000000000000e+00 4.646722979027453349e-01 1.106610453605563205e-01 1.867035636936383858e+00 9.867028363804009050e-01 -1.708133959365882026e-01 1.884492109000790672e+00
-9.502227201744678498e-02 0.000000000000000000e+00 0.000000000000000000e+00 -1.582176531392473495e-01 0.000000000000000000e+00 0.000000000000000000e+00 0.000000000000000000e+00 0.000000000000000000e+00 -5.376962169200760928e-03 -5.593851637465259430e-02
