#Matriz 
-1.864744460796345094e-01 1.092166206462910738e+00 3.268024868907479785e-01 0.000000000000000000e+00 0.000000000000000000e+00 0.000000000000000000e+00 0.000000000000000000e+00 0.000000000000000000e+00 0.000000000000000000e+00 0.000000000000000000e+00
-5.515961612950928683e-02 -4.550835266658923711e-02 -8.218958954483511492e-02 0.000000000000000000e+00 0.000000000000000000e+00 0.000000000000000000e+00 0.000000000000000000e+00 0.000000000000000000e+00 -1.768501819312676138e-01 0.000000000000000000e+00
-3.076360575885066576e-02 1.699925709165681642e+00 -1.918755076644887703e-01 1.142936112234397950e+00 1.311329054509087433e+00 0.000000000000000000e+00 1.850044373433577860e+00 -2.222497012626743068e-02 -4.827815730224483369e-03 8.955411220902158576e-01
0.000000000000000000e+00 0.000000000000000000e+00 -3.846063781444280377e-02 -8.874993980363299340e-02 0.000000000000000000e+00 0.000000000000000000e+00 0.000000000000000000e+00 -1.153812083260857685e-01 -1.495844909321306648e-01 0.000000000000000000e+00
0.000000000000000000e+00 0.000000000000000000e+00 -1.957468334749130345e-01 0.000000000000000000e+00 -5.555278224782612094e-03 -7.710782255424830645e-02 -1.803308618429848853e-01 -1.936243605901099007e-01 -5.734088765715721764e-02 -1.530981215257732342e-01
0.000000000000000000e+00 0.000000000000000000e+00 0.000000000000000000e+00 0.000000000000000000e+00 1.729469554478233473e-01 -3.272971977415806144e-02 5.672393240221651478e-01 0.000000000000000000e+00 0.000000000000000000e+00 5.885406993165844813e-01
0.000000000000000000e+00 0.000000000000000000e+00 -2.814714464130199309e-02 0.000000000000000000e+00 1.009426330891464385e+00 -1.399414337858349566e-01 -1.231923761942395161e-02 -6.785513793052144749e-02 -1.481956402329648315e-01 0.000000000000000000e+00
0.000000000000000000e+00 0.000000000000000000e+00 9.753547619216229592e-02 1.024778637079478028e+00 1.591718200769413949e+00 0.000000000000000000e+00 6.112259933042807347e-02 -6.693768572673167161e-02 0.000000000000000000e+00 1.273797249660341802e+00
0.000000000000000000e+00 1.931185965011544159e+00 3.325077962107407803e-01 1.359838860203025801e+00 2.733685638908440740e-01 0.000000000000000000e+00 1.367432063107247853e+00 0.000000000000000000e+00 -5.442688072378836645e-02 8.294077508742867533e-01
0.000000000000000000e+00 0.000000000000000000e+00 -1.717552225660579079e-01 0.000000000000000000e+00 1.587747038555933798e+00 -1.996084551048288858e-01 0.000000000000000000e+00 -1.585323555158582309e-01 -1.372949463894450883e-01 -1.387995941235519171e-01
