#Matriz 
-1.320950309968808578e-01 0.000000000000000000e+00 0.000000000000000000e+00 0.000000000000000000e+00 1.495214158788664260e+00 1.526087136509773234e+00 0.000000000000000000e+00 0.000000000000000000e+00 0.000000000000000000e+00 1.667035982243062264e+00
0.000000000000000000e+00 -1.903762717372733115e-01 1.074713534358288980e+00 -7.279290914916790312e-02 -5.053816715613643901e-02 0.000000000000000000e+00 -1.325134946307563732e-01 -9.278112397398469158e-02 0.000000000000000000e+00 0.000000000000000000e+00
0.000000000000000000e+00 -9.081189636171056734e-02 -1.176409757051107841e-01 0.000000000000000000e+00 0.000000000000000000e+00 0.000000000000000000e+00 -1.276879947836943863e-01 -1.658670102873088803e-01 0.000000000000000000e+00 0.000000000000000000e+00
0.000000000000000000e+00 1.953836139394987015e+00 0.000000000000000000e+00 -1.711949729731920833e-01 -1.274972966663714125e-01 0.000000000000000000e+00 -1.757983814252084276e-02 -1.431651531450467141e-01 3.852532515883888564e-02 0.000000000000000000e+00
-1.850161000088472729e-01 1.244721098222149269e+00 0.000000000000000000e+00 1.775804536501316422e+00 -1.329442867340162593e-01 -4.953676692301321044e-02 -5.430419285156049686e-02 -1.426823731909641346e-01 1.483779606381293581e+00 0.000000000000000000e+00
-1.637581919223370097e-01 0.000000000000000000e+00 0.000000000000000000e+00 0.000000000000000000e+00 1.372692782537949352e+00 -1.230791646133843065e-01 0.000000000000000000e+00 0.000000000000000000e+00 0.000000000000000000e+00 1.287348435087817045e+00
0.000000000000000000e+00 1.670380848688381770e+00 7.663207378867071817e-01 2.550912912138225686e-01 4.277601636426378029e-01 0.000000000000000000e+00 -7.132568557505168660e-02 0.000000000000000000e+00 1.713104158163159862e+00 1.406025764700448155e+00
0.000000000000000000e+00 7.309757252493593871e-01 7.078355880302578118e-01 1.405652441994431401e+00 1.781326347018195033e-01 0.000000000000000000e+00 0.000000000000000000e+00 -6.466112090366360476e-02 9.595973008533942306e-02 0.000000000000000000e+00
0.000000000000000000e+00 0.000000000000000000e+00 0.000000000000000000e+00 -8.317724186702446509e-02 -3.487443515536934463e-02 0.000000000000000000e+00 -8.213977855721484034e-02 -7.830598271052635617e-02 -8.235973751702091450e-02 0.000000000000000000e+00
-1.694786052938187515e-01 0.000000000000000000e+00 0.000000000000000000e+00 0.000000000000000000e+00 0.000000000000000000e+00 -5.169648274334646271e-02 -7.388386759013308713e-02 0.000000000000000000e+00 0.000000000000000000e+00 -6.828329820383759186e-02
