#Matriz 
-1.824906120598100145e-01 0.000000000000000000e+00 -1.515664151664000980e-01 0.000000000000000000e+00 0.000000000000000000e+00 -1.032203130204201137e-03 0.000000000000000000e+00 0.000000000000000000e+00 -4.062585622000705610e-02 0.000000000000000000e+00
0.000000000000000000e+00 -8.179637314780219542e-05 0.000000000000000000e+00 0.000000000000000000e+00 0.000000000000000000e+00 3.716724575135315067e-01 9.647295343553337066e-01 7.360536719266888017e-01 0.000000000000000000e+00 9.208054201147652940e-02
1.683649603904275871e+00 0.000000000000000000e+00 -9.081904812304641972e-03 0.000000000000000000e+00 1.767818404637087282e+00 1.545034078716037707e+00 5.253610135345523346e-01 1.323571355847841913e+00 1.701191750794547097e+00 1.363830454074077769e+00
0.000000000000000000e+00 0.000000000000000000e+00 0.000000000000000000e+00 -1.746274840636992121e-01 0.000000000000000000e+00 -1.781362244644121018e-01 0.000000000000000000e+00 0.000000000000000000e+00 -3.175423602973097975e-02 0.000000000000000000e+00
0.000000000000000000e+00 0.000000000000000000e+00 -3.322811091955912843e-02 0.000000000000000000e+00 -1.773871565822455476e-01 -8.818126422275103515e-02 0.000000000000000000e+00 0.000000000000000000e+00 -1.092868892116746898e-01 -1.318155267664014064e-02
9.419665240406336348e-01 -1.471839062115076480e-01 -9.933803227572604588e-02 1.003677242558989935e+00 1.073791911467645299e-01 -4.155491100217050676e-02 0.000000000000000000e+00 0.000000000000000000e+00 -1.301366382649335740e-01 0.000000000000000000e+00
0.000000000000000000e+00 -1.817561072622051188e-01 -6.200118017551514704e-02 0.000000000000000000e+00 0.000000000000000000e+00 0.000000000000000000e+00 -8.475048881795051170e-02 -6.717165067000988032e-02 -1.687259073006945886e-01 0.000000000000000000e+00
0.000000000000000000e+00 -2.082422441376559352e-02 -4.563685343819972456e-02 0.000000000000000000e+00 0.000000000000000000e+00 0.000000000000000000e+00 5.628024234090656108e-01 -1.521199122072805499e-01 -1.042959928842697032e-01 0.000000000000000000e+00
1.172390062324525140e+00 0.000000000000000000e+00 -1.500144977639807919e-01 1.226125415651823314e+00 8.001899450790608270e-01 4.226602698431460858e-01 7.869901936514511753e-02 1.315508109924420355e+00 -1.342796692873808040e-01 9.638867398141688358e-01
0.000000000000000000e+00 -9.638351821862747859e-02 -7.093601804950169787e-02 0.000000000000000000e+00 1.110200661285994039e+00 0.000000000000000000e+00 0.000000000000000000e+00 0.000000000000000000e+00 -8.505027680702503812e-02 -1.397442313385408308e-01
