#Matriz 
-1.253462942342709330e-01 0.000000000000000000e+00 4.487682532537125013e-01 0.000000000000000000e+00 0.000000000000000000e+00 0.000000000000000000e+00 2.140448716440359611e-01 0.000000000000000000e+00 1.366751649512163214e+00 -3.698438863263293908e-02
0.000000000000000000e+00 -1.651993099516378127e-01 0.000000000000000000e+00 1.388323149279545587e+00 0.000000000000000000e+00 1.231714218573421560e+00 0.000000000000000000e+00 1.732224491844688741e+00 0.000000000000000000e+00 -1.719490073558233578e-01
-9.953070837887724107e-03 0.000000000000000000e+00 -9.464380863345607520e-02 0.000000000000000000e+00 1.070874711905658971e+00 0.000000000000000000e+00 0.000000000000000000e+00 0.000000000000000000e+00 0.000000000000000000e+00 -7.872593637303876291e-02
0.000000000000000000e+00 -1.522090376003438217e-01 0.000000000000000000e+00 -1.602853882282745390e-01 -8.984194411926145485e-02 -9.685930236190556930e-02 -3.189708196713725297e-02 -1.445100087962682689e-01 0.000000000000000000e+00 0.000000000000000000e+00
0.000000000000000000e+00 0.000000000000000000e+00 -9.571636693727197942e-02 3.259635311479589515e-01 -1.565917049286469354e-02 1.207107427483133710e+00 0.000000000000000000e+00 9.552730672441616111e-01 -1.654985597396382568e-01 -1.294304968073783646e-01
0.000000000000000000e+00 -8.016106834802366743e-02 0.000000000000000000e+00 2.943169399515754847e-01 -1.843128653488092239e-01 -5.395772975600239552e-02 -4.022475030418762310e-02 -1.159686826931720094e-01 0.000000000000000000e+00 0.000000000000000000e+00
-3.896324575844503646e-02 0.000000000000000000e+00 0.000000000000000000e+00 1.366548341504463693e+00 0.000000000000000000e+00 9.561383315756983858e-01 -1.889417714556748673e-01 2.930977177552891444e-01 0.000000000000000000e+00 -5.911405378906735980e-02
0.000000000000000000e+00 -1.264794047789708220e-01 0.000000000000000000e+00 8.685353661706418649e-02 -1.509192911408126225e-01 1.877937509126686777e+00 -1.239571913985406532e-01 -1.420119661518180754e-01 0.000000000000000000e+00 0.000000000000000000e+00
-3.863113073991948643e-02 0.000000000000000000e+00 0.000000000000000000e+00 0.000000000000000000e+00 1.374090052086864855e-01 0.000000000000000000e+00 0.000000000000000000e+00 0.000000000000000000e+00 -1.971576380515653870e-01 -7.564002029590938259e-02
5.495573495051642166e-01 1.115306788090369539e+00 7.492357653133505657e-01 0.000000000000000000e+00 1.527364127470675514e+00 0.000000000000000000e+00 9.739597988787251914e-02 0.000000000000000000e+00 1.577802294116169568e+00 -1.370954734861689894e-01
