#Matriz 
-4.968634111902710260e-02 0.000000000000000000e+00 -7.516187890578909792e-02 -1.834788488479998092e-01 0.000000000000000000e+00 0.000000000000000000e+00 0.000000000000000000e+00 1.821686186829626353e+00 -1.457929542877355045e-01 0.000000000000000000e+00
0.000000000000000000e+00 -6.303638198379604707e-02 -1.864099737649324295e-01 -1.529666322104348553e-01 0.000000000000000000e+00 0.000000000000000000e+00 -2.267359669247115406e-02 0.000000000000000000e+00 0.000000000000000000e+00 0.000000000000000000e+00
9.899775048657399878e-02 9.477082425966298906e-02 -1.870062509752042079e-01 1.792186275372534388e+00 0.000000000000000000e+00 7.536310288542635849e-01 1.815236428913227229e-01 0.000000000000000000e+00 2.191758806673393956e-01 5.213250280844341500e-01
5.223816300588046690e-01 1.412429332875202226e+00 -1.740768843851152603e-01 -3.485131018519409957e-02 1.560369574567233908e+00 1.189011438414072641e+00 6.799416234802042602e-01 1.927488582232035785e+00 1.166715976875227323e+00 1.385725104442513400e+00
0.000000000000000000e+00 0.000000000000000000e+00 0.000000000000000000e+00 -1.355938890935698693e-01 -2.455925415029400899e-02 0.000000000000000000e+00 0.000000000000000000e+00 -1.430814503728877751e-01 -6.001942553138728959e-03 0.000000000000000000e+00
0.000000000000000000e+00 0.000000000000000000e+00 -1.951360836490113604e-01 -5.239856834423339826e-02 0.000000000000000000e+00 -1.336436617452051168e-01 -9.660379329755937328e-02 0.000000000000000000e+00 0.000000000000000000e+00 0.000000000000000000e+00
0.000000000000000000e+00 7.399755272996753064e-01 -3.046136117736446616e-02 -9.943173218470165164e-02 0.000000000000000000e+00 1.783478681354827566e+00 -1.906854081247885135e-01 0.000000000000000000e+00 2.472127049890020523e-01 8.307860654455678784e-02
-1.290127148123893785e-01 0.000000000000000000e+00 0.000000000000000000e+00 -3.748694901406292995e-02 4.167264579482934383e-01 0.000000000000000000e+00 0.000000000000000000e+00 -1.008622837879637191e-01 -9.083142898637629192e-02 0.000000000000000000e+00
1.434632287536995898e+00 0.000000000000000000e+00 -6.656790551320111715e-02 -7.674725106214948245e-02 8.322492258264913012e-02 0.000000000000000000e+00 -1.429705302404571110e-01 9.553291955899341215e-01 -1.410456979567984992e-01 -1.898244980793966918e-01
0.000000000000000000e+00 0.000000000000000000e+00 -9.717778983455781228e-02 -6.994408268085226810e-02 0.000000000000000000e+00 0.000000000000000000e+00 -5.980467502756590253e-02 0.000000000000000000e+00 1.526976300376830409e+00 -7.953639080600434508e-02
