#Matriz 
-3.940928489787601241e-02 0.000000000000000000e+00 0.000000000000000000e+00 0.000000000000000000e+00 0.000000000000000000e+00 0.000000000000000000e+00 4.522099113546076410e-01 0.000000000000000000e+00 0.000000000000000000e+00 0.000000000000000000e+00
0.000000000000000000e+00 -2.181409503123286214e-02 0.000000000000000000e+00 2.131935263326245611e-01 1.051053918865602954e+00 0.000000000000000000e+00 1.368280585800851323e+00 0.000000000000000000e+00 0.000000000000000000e+00 1.647542750991570770e-01
0.000000000000000000e+00 0.000000000000000000e+00 -2.747389553108621485e-02 0.000000000000000000e+00 0.000000000000000000e+00 0.000000000000000000e+00 0.000000000000000000e+00 0.000000000000000000e+00 -5.361558576992180719e-02 -9.071867772647968994e-03
0.000000000000000000e+00 -1.898657442265809792e-01 0.000000000000000000e+00 -1.384860842899149069e-01 0.000000000000000000e+00 0.000000000000000000e+00 -6.746289657992339539e-02 0.000000000000000000e+00 0.000000000000000000e+00 -9.643009359963233829e-02
0.000000000000000000e+00 -2.592811467830222899e-02 0.000000000000000000e+00 0.000000000000000000e+00 -6.270678184197409077e-02 1.138170612264450821e-01 -6.352853244254459686e-02 6.563502077629739251e-01 4.034397782440926061e-01 -1.319918426322629068e-01
0.000000000000000000e+00 0.000000000000000000e+00 0.000000000000000000e+00 0.000000000000000000e+00 -1.699033192064856174e-02 -2.939243823684545287e-02 -1.620668209786559899e-01 -1.548051788239881432e-01 0.000000000000000000e+00 -1.224489657604857229e-01
-9.574065574140780410e-02 -1.487188063865663157e-02 0.000000000000000000e+00 1.695759998083274045e+00 1.213236645761472277e+00 9.143014052112474754e-01 -3.322611780822404270e-02 1.943117994444036656e+00 6.832447554598055639e-01 -1.581597689106699067e-01
0.000000000000000000e+00 0.000000000000000000e+00 0.000000000000000000e+00 0.000000000000000000e+00 -1.717642267961669578e-01 4.010905591520397273e-01 -2.449586778190184985e-02 -1.666159424035144887e-01 4.534593430573827799e-01 -1.541712061365631270e-01
0.000000000000000000e+00 0.000000000000000000e+00 1.834977360713458294e+00 0.000000000000000000e+00 -1.971043749400225309e-01 0.000000000000000000e+00 -6.652094387728713087e-02 -6.010969637562513755e-03 -4.991706011989900660e-02 -1.496241112712410060e-01
0.000000000000000000e+00 -1.511377829809862627e-01 1.345010533439888745e+00 1.525726353039069672e+00 1.969748434000376358e+00 2.452412295295287592e-01 1.211815261277085387e+00 2.606695966223797623e-01 5.413687264880766570e-01 -1.037622315062008832e-01
