#Matriz 
-1.621057529454704715e-01 0.000000000000000000e+00 0.000000000000000000e+00 1.532786953619529324e+00 0.000000000000000000e+00 1.928900189167013002e+00 1.944443604945991888e+00 1.708474388959008161e+00 8.163664830456194288e-01 5.142732952957398407e-01
0.000000000000000000e+00 -1.809693392034791015e-01 0.000000000000000000e+00 -1.281013587707879320e-01 -1.162514174177187859e-01 -6.368736675046814122e-02 0.000000000000000000e+00 -1.454054408238733276e-01 0.000000000000000000e+00 -6.897827151913003829e-02
0.000000000000000000e+00 0.000000000000000000e+00 -1.705595169931432009e-01 -6.705667293042483212e-02 -9.786561788259438843e-02 -1.076133446646758557e-01 -9.836988600271157068e-03 -7.175768778276592208e-02 0.000000000000000000e+00 -1.950047963014895913e-01
-7.576255269992447638e-02 8.368438387858188054e-01 2.518013251070176928e-01 -4.792547367832531574e-02 1.865252575563303150e+00 0.000000000000000000e+00 0.000000000000000000e+00 0.000000000000000000e+00 -8.372323717483896865e-02 0.000000000000000000e+00
0.000000000000000000e+00 9.701130598503659996e-01 8.091740467405057480e-01 -8.916585991153742896e-02 -1.731950341979272556e-01 -3.944166663738946088e-02 -1.745868515513622765e-01 0.000000000000000000e+00 0.000000000000000000e+00 -1.734785836723630181e-01
-5.759447158737689837e-02 1.893875528402832797e+00 1.123359172104210879e+00 0.000000000000000000e+00 1.201555633318950767e+00 -6.160113734567394111e-02 1.038270039713922621e+00 4.025338744125583901e-02 -1.418901421702394028e-01 0.000000000000000000e+00
-1.674590676925170607e-01 0.000000000000000000e+00 1.732151497212487845e+00 0.000000000000000000e+00 1.876329451982656993e+00 -6.964352425060614526e-02 -9.937713903031004936e-02 0.000000000000000000e+00 0.000000000000000000e+00 0.000000000000000000e+00
-1.633755894310562617e-01 1.319336416891199848e+00 3.079082793154346298e-01 0.000000000000000000e+00 0.000000000000000000e+00 -7.616822733995927408e-02 0.000000000000000000e+00 -2.974131030769375933e-02 -4.752968549201508353e-02 0.000000000000000000e+00
-1.645163292156694157e-01 0.000000000000000000e+00 0.000000000000000000e+00 9.301349027178926754e-01 0.000000000000000000e+00 4.723449081937916016e-01 0.000000000000000000e+00 1.927851384678484159e+00 -1.034018781512731633e-01 0.000000000000000000e+00
-5.996691139808740800e-02 3.162200582486316414e-01 1.148650055527067559e+00 0.000000000000000000e+00 1.782685463295876627e+00 0.000000000000000000e+00 0.000000000000000000e+00 0.000000000000000000e+00 0.000000000000000000e+00 -8.396134553733458628e-02
