#Matriz 
-8.521485520889418575e-02 -9.370132222921714882e-02 0.000000000000000000e+00 -1.906682188747495232e-02 -1.334200609842939311e-01 0.000000000000000000e+00 -4.801906107967484488e-02 -1.644966961671729955e-01 0.000000000000000000e+00 0.000000000000000000e+00
3.770479892920615139e-01 -1.123632884031342538e-01 -3.224117359956526346e-02 1.435585260155977094e+00 1.067601761998028254e+00 1.486384008310395410e+00 1.509226628531012970e-02 9.057529882349282246e-01 3.611138802031306216e-01 3.879891130632562302e-02
0.000000000000000000e+00 1.331410439791853584e+00 -1.925020373838539842e-02 8.678298835849140858e-02 6.011225047544734856e-01 0.000000000000000000e+00 1.344221150406366139e-01 9.384308011833470964e-01 7.681254039813520951e-01 1.272896451544114127e+00
1.193156014719206182e+00 -1.162275859728006538e-01 -1.902033666081015817e-01 -6.681626827956546610e-02 1.860709342892794993e+00 1.867337174088042895e+00 1.274240160140655442e+00 0.000000000000000000e+00 0.000000000000000000e+00 0.000000000000000000e+00
1.181067737837873333e+00 -4.195692280474203756e-02 -1.990588069196090881e-01 -6.764862165355581269e-02 -1.712299441716262985e-02 1.368730085856676659e+00 -9.917217614648106416e-02 -1.053822140388258888e-01 0.000000000000000000e+00 0.000000000000000000e+00
0.000000000000000000e+00 -1.318013535103335909e-01 0.000000000000000000e+00 -1.551469068457009270e-01 -1.560177982367857152e-01 -2.170523664906134562e-02 -1.499676932189163425e-01 -1.784255661859894884e-02 0.000000000000000000e+00 0.000000000000000000e+00
1.852957291034225129e-01 -4.144663530569255017e-02 -9.751081125677350803e-02 -7.110956560269787903e-03 1.261940329036532304e+00 8.098573384554625942e-01 -1.287578098090347845e-01 0.000000000000000000e+00 0.000000000000000000e+00 0.000000000000000000e+00
2.128540367691811319e-01 -1.465514245675242633e-01 -6.951961192372806131e-02 0.000000000000000000e+00 6.421768959688654022e-01 1.295382652828056536e-01 0.000000000000000000e+00 -4.403426428007295446e-02 0.000000000000000000e+00 0.000000000000000000e+00
0.000000000000000000e+00 -9.127843996676477528e-03 -6.557035949367547023e-02 0.000000000000000000e+00 0.000000000000000000e+00 0.000000000000000000e+00 0.000000000000000000e+00 0.000000000000000000e+00 -1.002672381817935610e-01 0.000000000000000000e+00
0.000000000000000000e+00 -1.153064096243826137e-01 -1.417927479264108059e-01 0.000000000000000000e+00 0.000000000000000000e+00 0.000000000000000000e+00 0.000000000000000000e+00 0.000000000000000000e+00 0.000000000000000000e+00 -6.448573397916601557e-03
