#Matriz 
-4.436619518172731091e-02 -1.937609923550135393e-01 -6.250272241141063834e-02 -1.058347260837319975e-01 -1.301480408997399418e-01 0.000000000000000000e+00 0.000000000000000000e+00 0.000000000000000000e+00 0.000000000000000000e+00 0.000000000000000000e+00
1.782462932838506653e+00 -1.333268121680050988e-01 1.338904273618273244e+00 0.000000000000000000e+00 0.000000000000000000e+00 4.608115288438894286e-01 -1.851337330632648048e-01 -1.190177209887393756e-01 -1.323926500308653109e-01 0.000000000000000000e+00
6.720582119616571593e-01 -1.868339359426231250e-01 -5.662023272780248445e-03 -5.730796697116757876e-02 -1.615799993461569661e-01 1.915372752771370424e+00 0.000000000000000000e+00 0.000000000000000000e+00 0.000000000000000000e+00 0.000000000000000000e+00
1.000467925947472470e+00 0.000000000000000000e+00 4.828660098042327764e-01 -8.142156464385641446e-02 0.000000000000000000e+00 1.177970996214598554e+00 -3.477826105787400895e-02 -1.195154396415534503e-01 -1.698089949939729226e-01 0.000000000000000000e+00
1.674873790992465583e+00 0.000000000000000000e+00 2.614299195433245071e-01 0.000000000000000000e+00 -2.443620739364018787e-02 5.357262415883221607e-01 -1.317155254807504672e-01 -1.270676944170257561e-01 -8.248759535695347755e-02 -5.339137333336914371e-02
0.000000000000000000e+00 -4.750542635776189293e-02 -1.656932752108146722e-01 -1.695120675121380982e-01 -4.566235263477136375e-02 -1.781847810700379897e-01 0.000000000000000000e+00 0.000000000000000000e+00 0.000000000000000000e+00 0.000000000000000000e+00
0.000000000000000000e+00 8.149611956073110619e-02 0.000000000000000000e+00 6.262075072675779008e-01 1.540248860695488720e+00 0.000000000000000000e+00 -1.979750175314603788e-01 0.000000000000000000e+00 -1.678533167187720165e-01 4.056707161384776050e-01
0.000000000000000000e+00 1.506201408025936717e+00 0.000000000000000000e+00 1.400345171762388707e+00 1.733429254990914714e-02 0.000000000000000000e+00 0.000000000000000000e+00 -1.968980629172404628e-01 -1.736979171734940319e-01 0.000000000000000000e+00
0.000000000000000000e+00 5.688669922659279621e-01 0.000000000000000000e+00 1.847786614362251667e+00 1.176043421276437684e+00 0.000000000000000000e+00 1.438307481053139547e+00 7.401552368988488784e-01 -1.838786035901226745e-01 9.173914785695553853e-01
0.000000000000000000e+00 0.000000000000000000e+00 0.000000000000000000e+00 0.000000000000000000e+00 1.523287818023557172e+00 0.000000000000000000e+00 -1.048255036698001463e-01 0.000000000000000000e+00 -1.390389248605378714e-01 -1.342103110545370959e-01
