#Matriz 
-1.596931859060520820e-01 0.000000000000000000e+00 -5.758648373628299372e-02 -8.451713911496082365e-02 -4.000910168348044416e-02 -1.601384629727202191e-01 -6.724684008979307792e-02 -1.653491094562737837e-02 -6.617483714715892418e-02 0.000000000000000000e+00
0.000000000000000000e+00 -2.727784210219026673e-02 0.000000000000000000e+00 -9.094296225525365374e-02 -1.085187617643681296e-01 -5.892758236845477282e-02 -7.488723316385914597e-02 -1.465186027135259063e-02 0.000000000000000000e+00 0.000000000000000000e+00
1.979007520408060161e+00 0.000000000000000000e+00 -4.954609126283152087e-02 0.000000000000000000e+00 0.000000000000000000e+00 -1.783550662463412317e-01 0.000000000000000000e+00 0.000000000000000000e+00 9.258142329299845485e-02 0.000000000000000000e+00
1.301044086226629037e+00 1.409176953761660744e+00 0.000000000000000000e+00 -4.812809193883876152e-02 0.000000000000000000e+00 0.000000000000000000e+00 0.000000000000000000e+00 0.000000000000000000e+00 6.849331745817510697e-01 1.243415002683597503e+00
1.476082062879199297e+00 5.868127928205353339e-01 0.000000000000000000e+00 0.000000000000000000e+00 -1.231605134703508443e-02 0.000000000000000000e+00 0.000000000000000000e+00 0.000000000000000000e+00 0.000000000000000000e+00 1.721331027062796171e+00
1.537624048944359556e+00 5.434651152621956527e-01 1.257910365123770191e+00 0.000000000000000000e+00 0.000000000000000000e+00 -1.755673715746144115e-01 0.000000000000000000e+00 1.292112251321499539e+00 1.075963393173225535e+00 1.557647238388453204e+00
3.501541234541374337e-01 4.213981517786158371e-01 0.000000000000000000e+00 0.000000000000000000e+00 0.000000000000000000e+00 0.000000000000000000e+00 -1.890431785390946362e-01 0.000000000000000000e+00 1.090809454282773316e+00 1.831188715905690767e+00
1.356618240089272787e+00 4.675877459062196539e-01 0.000000000000000000e+00 0.000000000000000000e+00 0.000000000000000000e+00 -1.044529304265109371e-01 0.000000000000000000e+00 -1.488899608509328121e-01 3.309058321938938008e-01 8.764378991544403696e-01
8.610225397554178706e-01 0.000000000000000000e+00 -2.186674927774830135e-02 -1.346255915159747518e-01 0.000000000000000000e+00 -5.592636488650588877e-02 -9.250879009134656272e-02 -1.250688563202941583e-01 -1.728574468694466237e-01 0.000000000000000000e+00
0.000000000000000000e+00 0.000000000000000000e+00 0.000000000000000000e+00 -1.833654739301882053e-01 -1.732929228935718019e-02 -1.063913395881619373e-01 -1.982107755718923447e-01 -9.746451836885748621e-02 0.000000000000000000e+00 -5.906734183442661351e-02
