#Matriz 
-1.408007903698769714e-01 7.834700122557114454e-02 1.950762839318188169e+00 1.597514965699309730e+00 0.000000000000000000e+00 8.407954385875207048e-01 2.536939641582351967e-01 -1.954530517264772005e-01 0.000000000000000000e+00 0.000000000000000000e+00
-5.766219115519882060e-02 -1.943491673212690563e-01 1.046728823782287376e+00 0.000000000000000000e+00 -3.989420944018680359e-02 8.647434994070344327e-01 3.810064870390172942e-01 -8.152147634420155164e-02 0.000000000000000000e+00 0.000000000000000000e+00
-1.726587295740457662e-01 -1.951372541327818233e-01 -3.761949435329858815e-02 0.000000000000000000e+00 -4.625040129146240631e-02 -1.377759322721421389e-02 0.000000000000000000e+00 -1.458214517635222918e-01 -6.156139640474894009e-02 0.000000000000000000e+00
-1.104884773607414661e-01 0.000000000000000000e+00 0.000000000000000000e+00 -1.925150530289150841e-01 -6.198571908213904025e-02 0.000000000000000000e+00 0.000000000000000000e+00 -8.863416075043568931e-02 0.000000000000000000e+00 0.000000000000000000e+00
0.000000000000000000e+00 1.650151242215413872e+00 8.111930204487203255e-01 1.254785108031867269e+00 -1.198922062309843994e-01 1.596592875184392746e+00 1.919747953953895303e+00 -6.770362384191057348e-02 0.000000000000000000e+00 0.000000000000000000e+00
-9.895407985433496423e-02 -1.628035753715129930e-01 1.646999369451627837e+00 0.000000000000000000e+00 -7.437626496888094518e-02 -1.070341302749433510e-01 1.908732847329105864e+00 -4.389178556661863656e-02 -9.130689830530953899e-02 0.000000000000000000e+00
-1.063388551067253052e-01 -1.246794761105053662e-01 0.000000000000000000e+00 0.000000000000000000e+00 -1.313903816850134909e-01 -1.939092836740071990e-01 -3.445116887639095016e-02 -1.276037991082981105e-01 -7.393069053895431897e-02 0.000000000000000000e+00
1.643260189130117510e+00 7.340575529344661732e-02 5.139066873297750693e-01 1.857763984359406040e+00 7.033991307632034840e-01 7.184555303197102116e-01 1.639976748703722897e+00 -2.739566502301325063e-02 1.019721853688058788e+00 1.988813093361800011e+00
0.000000000000000000e+00 0.000000000000000000e+00 2.453708230811990632e-02 0.000000000000000000e+00 0.000000000000000000e+00 9.863752032122234947e-01 6.965890403566585842e-01 -1.086699543120853151e-01 -2.724372226131677177e-02 0.000000000000000000e+00
0.000000000000000000e+00 0.000000000000000000e+00 0.000000000000000000e+00 0.000000000000000000e+00 0.000000000000000000e+00 0.000000000000000000e+00 0.000000000000000000e+00 -1.804436647170191144e-01 0.000000000000000000e+00 -6.632179023631427917e-02
