#Matriz 
-1.293300056981289969e-01 0.000000000000000000e+00 0.000000000000000000e+00 0.000000000000000000e+00 0.000000000000000000e+00 0.000000000000000000e+00 0.000000000000000000e+00 0.000000000000000000e+00 -1.503666549625663762e-01 0.000000000000000000e+00
0.000000000000000000e+00 -1.162694103881765223e-02 0.000000000000000000e+00 -1.587990268880206390e-01 0.000000000000000000e+00 -1.763519210967760820e-01 -2.077631778761794903e-02 0.000000000000000000e+00 -1.956144293843640747e-01 1.635127173413303270e+00
0.000000000000000000e+00 0.000000000000000000e+00 -4.742023374777440403e-02 -1.575297607907107100e-01 -9.567954824520510937e-02 -1.835535757399667789e-01 -9.202777178449386697e-02 0.000000000000000000e+00 -1.354358763032901813e-01 0.000000000000000000e+00
0.000000000000000000e+00 1.220648710333363640e+00 1.422417303373436415e+00 -8.642840687396186050e-02 1.475653107594676161e+00 1.596609501285823018e+00 5.188659977028604597e-01 1.975115016190926776e+00 0.000000000000000000e+00 1.125521336802257633e-01
0.000000000000000000e+00 0.000000000000000000e+00 1.972132256215288759e+00 -2.975845369412901883e-02 -1.992641030245445588e-02 0.000000000000000000e+00 -2.209979942654671792e-02 1.090027731431746139e+00 -1.880450250981932081e-01 0.000000000000000000e+00
0.000000000000000000e+00 1.417771264136595155e+00 1.503004192699995967e+00 -1.050671361023957778e-01 0.000000000000000000e+00 -1.797247524621525261e-01 -1.478812252872615529e-01 1.044025261874315769e+00 -1.615192345622357972e-01 1.533097611264292448e+00
0.000000000000000000e+00 1.053826554239893687e+00 1.981214756950474998e+00 -7.190005369273966274e-02 1.616691102615083864e+00 1.121586819792492973e+00 -3.028737351540471481e-02 4.189333021671894919e-01 0.000000000000000000e+00 9.442199854566186712e-01
0.000000000000000000e+00 0.000000000000000000e+00 0.000000000000000000e+00 -1.937001182638281860e-01 -1.559603105867307937e-01 -3.538867175405877724e-02 -5.151403039940232603e-02 -1.381609600120035086e-01 -2.581339122714212606e-02 0.000000000000000000e+00
9.904168527193402127e-01 2.662039192032477075e-01 1.347832302499341939e+00 0.000000000000000000e+00 7.397060029790032409e-01 1.563717478352857793e+00 0.000000000000000000e+00 1.874812754336167675e+00 -1.817550289606044145e-01 3.872656578151101314e-01
0.000000000000000000e+00 -6.883211043737083590e-02 0.000000000000000000e+00 -1.694713916019754407e-01 0.000000000000000000e+00 -1.248153637299259516e-01 -7.419514968409268892e-03 0.000000000000000000e+00 -1.058646262225211576e-01 -2.579548876187587325e-02
