#Matriz 
-1.314651850941732716e-02 9.706801951433856601e-01 0.000000000000000000e+00 0.000000000000000000e+00 1.759880216318775448e+00 8.197808133063735347e-01 1.645002966752305618e+00 8.852112487837933141e-01 0.000000000000000000e+00 -1.902549259026373729e-01
-1.226400501424532163e-01 -1.393145249273218256e-01 0.000000000000000000e+00 0.000000000000000000e+00 0.000000000000000000e+00 -4.351956819611618038e-02 0.000000000000000000e+00 -1.731194134106657512e-01 0.000000000000000000e+00 -1.135251445323625097e-01
0.000000000000000000e+00 0.000000000000000000e+00 -9.321239653343987852e-02 0.000000000000000000e+00 1.779705573597111012e+00 0.000000000000000000e+00 0.000000000000000000e+00 -9.155065737511990098e-02 1.663928680890798484e+00 0.000000000000000000e+00
0.000000000000000000e+00 0.000000000000000000e+00 0.000000000000000000e+00 -1.384731392945772188e-01 0.000000000000000000e+00 0.000000000000000000e+00 -7.552140219791664277e-02 0.000000000000000000e+00 -1.953232918363946302e-01 -2.829435048969297650e-02
-2.345868445832863941e-02 0.000000000000000000e+00 -1.148627386905491515e-01 0.000000000000000000e+00 -3.311918191647820336e-02 -2.435205990083484651e-02 0.000000000000000000e+00 -1.786126321927971050e-01 0.000000000000000000e+00 -1.772161953984119354e-02
-1.648179250520325767e-01 1.854966738117372227e+00 0.000000000000000000e+00 0.000000000000000000e+00 1.912426334714782072e+00 -1.521666883591101839e-02 1.218849706625084739e+00 1.267703593515653093e+00 0.000000000000000000e+00 -1.992606155974407933e-01
-1.579365114987638097e-01 0.000000000000000000e+00 0.000000000000000000e+00 1.537828215956125399e+00 0.000000000000000000e+00 -1.150834704995671587e-01 -1.216472058218036056e-01 -1.119673085235088766e-01 5.422443170404056545e-01 -1.245189820722969465e-03
-5.211325325171572292e-02 8.581842681300644315e-01 1.247214572905355201e+00 0.000000000000000000e+00 1.419320962351823701e+00 -1.459272762780309818e-01 7.995626585981912005e-01 -1.447071836091733121e-01 0.000000000000000000e+00 -1.400781193811741765e-01
0.000000000000000000e+00 0.000000000000000000e+00 -5.624841872475983169e-03 7.037782783686632460e-01 0.000000000000000000e+00 0.000000000000000000e+00 -1.092708319902087610e-01 0.000000000000000000e+00 -1.399621533161662656e-01 -1.019593478795942088e-01
1.684640825677237164e+00 1.311111858788340800e+00 0.000000000000000000e+00 1.870740485480334891e+00 3.974938856256844399e-01 5.033967054079235837e-01 1.984837968065096048e+00 3.698765023266423757e-01 5.720462872404155075e-01 -5.426122677163589675e-02
