#Matriz 
-1.620799576296027000e-01 6.814365823894414920e-01 -7.335521622509391659e-02 -3.247287576533321868e-02 -4.910173844321437386e-02 1.317518667786692355e+00 -1.110365293249338525e-01 0.000000000000000000e+00 2.306262067759949907e-01 3.764789298428021791e-01
-1.244817764613171396e-01 -1.626428798735371148e-02 0.000000000000000000e+00 0.000000000000000000e+00 0.000000000000000000e+00 0.000000000000000000e+00 0.000000000000000000e+00 0.000000000000000000e+00 -2.146874957614510956e-02 -1.579991616215883354e-01
1.137830116090404742e+00 0.000000000000000000e+00 -9.472695532318056721e-02 0.000000000000000000e+00 4.878917673922762432e-01 0.000000000000000000e+00 -2.599399707717191602e-02 8.712534662402471319e-02 0.000000000000000000e+00 0.000000000000000000e+00
7.767012562932229525e-01 0.000000000000000000e+00 0.000000000000000000e+00 -1.020189421499941018e-01 0.000000000000000000e+00 0.000000000000000000e+00 -1.049063625454318451e-02 9.615146812733885717e-01 1.189752430665791616e+00 0.000000000000000000e+00
8.574542891398035938e-01 0.000000000000000000e+00 -8.057426044866065895e-02 0.000000000000000000e+00 -4.636871985112174521e-02 0.000000000000000000e+00 -1.877169694686828816e-01 1.870083630980616141e+00 0.000000000000000000e+00 0.000000000000000000e+00
-1.353279129481421879e-03 0.000000000000000000e+00 0.000000000000000000e+00 0.000000000000000000e+00 0.000000000000000000e+00 -4.890000732131812022e-02 0.000000000000000000e+00 0.000000000000000000e+00 0.000000000000000000e+00 0.000000000000000000e+00
1.368134012604309557e-01 0.000000000000000000e+00 1.213383117025280677e+00 1.541621794757319641e-02 1.812961996274286891e+00 0.000000000000000000e+00 -7.236000002946189891e-02 1.950605740775690489e-01 6.168640884840235206e-01 0.000000000000000000e+00
0.000000000000000000e+00 0.000000000000000000e+00 -9.664905844846778671e-02 -1.646117776671432997e-01 -8.450397539340870692e-03 0.000000000000000000e+00 -6.266089752699528781e-02 -2.321324236149138395e-02 3.134588945309211283e-01 0.000000000000000000e+00
-1.220192217059917206e-01 5.269233014806298243e-01 0.000000000000000000e+00 -1.479416518266882252e-01 0.000000000000000000e+00 0.000000000000000000e+00 -1.295354155052099443e-01 -1.186233183557071080e-01 -1.471987948992978523e-01 7.814659118525677517e-01
-1.958724617485987363e-01 7.010202319838887419e-01 0.000000000000000000e+00 0.000000000000000000e+00 0.000000000000000000e+00 0.000000000000000000e+00 0.000000000000000000e+00 0.000000000000000000e+00 -8.527731242302810655e-02 -9.179791198505966865e-02
