#Matriz 
-1.084544547533240477e-01 0.000000000000000000e+00 0.000000000000000000e+00 5.525499672358729075e-01 0.000000000000000000e+00 -1.754548357464168484e-01 -5.312348248192926697e-02 1.385501669760194954e+00 0.000000000000000000e+00 1.929372588078595241e+00
0.000000000000000000e+00 -1.554343506940531472e-01 0.000000000000000000e+00 0.000000000000000000e+00 1.075086491636307873e-01 -1.711336342453205484e-01 -1.529777328797999048e-01 2.057593866920657266e-01 0.000000000000000000e+00 0.000000000000000000e+00
0.000000000000000000e+00 0.000000000000000000e+00 -1.170487830666437079e-01 0.000000000000000000e+00 0.000000000000000000e+00 -5.422755045945333585e-02 -6.583719612035887625e-02 0.000000000000000000e+00 0.000000000000000000e+00 0.000000000000000000e+00
-7.437271780809920352e-02 0.000000000000000000e+00 0.000000000000000000e+00 -1.979535579484192620e-01 0.000000000000000000e+00 -1.641892155601282210e-01 -1.366314886498567194e-01 0.000000000000000000e+00 0.000000000000000000e+00 0.000000000000000000e+00
0.000000000000000000e+00 -1.252920760501943231e-01 0.000000000000000000e+00 0.000000000000000000e+00 -2.587682750418938277e-02 0.000000000000000000e+00 0.000000000000000000e+00 -1.077006830209807781e-01 -1.923604030806302934e-02 0.000000000000000000e+00
7.725544923088616400e-01 1.321316140373292258e+00 1.112548905252187303e+00 1.632206268872070654e+00 0.000000000000000000e+00 -9.327947259088964493e-02 -1.744259347230401463e-02 0.000000000000000000e+00 1.700021466053432961e+00 4.037183719260062364e-01
8.518815226001315022e-01 8.825740648345110628e-01 1.450466591003803485e+00 1.055489604398644587e+00 0.000000000000000000e+00 6.376964892165430943e-01 -1.248159095841225308e-01 5.333204827902704448e-01 1.946252937488726298e+00 1.221990815844315570e+00
-7.277403076047495555e-03 -1.733751495726654768e-01 0.000000000000000000e+00 0.000000000000000000e+00 2.813113724552700479e-01 0.000000000000000000e+00 -1.267715273387679253e-01 -4.362193570130584036e-02 0.000000000000000000e+00 -1.738633851199210267e-01
0.000000000000000000e+00 0.000000000000000000e+00 0.000000000000000000e+00 0.000000000000000000e+00 1.061635699561917834e+00 -3.970704404021929701e-02 -8.497062286955781030e-02 0.000000000000000000e+00 -1.311069655291283442e-01 0.000000000000000000e+00
-4.400787559822492284e-02 0.000000000000000000e+00 0.000000000000000000e+00 0.000000000000000000e+00 0.000000000000000000e+00 -1.921967497774500488e-01 -1.641207082459026356e-01 5.530842436647185334e-01 0.000000000000000000e+00 -1.637769773495743597e-01
