#Matriz 
-1.063451605315207660e-01 0.000000000000000000e+00 1.255936616631069036e+00 1.150443127767787121e+00 1.284826007651657553e+00 0.000000000000000000e+00 0.000000000000000000e+00 0.000000000000000000e+00 0.000000000000000000e+00 0.000000000000000000e+00
0.000000000000000000e+00 -1.892336664637383759e-01 7.209350716933973224e-01 2.946314585085156867e-01 2.779077707642445549e-01 -5.178160192182706262e-02 0.000000000000000000e+00 0.000000000000000000e+00 0.000000000000000000e+00 0.000000000000000000e+00
-8.102996041194771015e-02 -1.336319726945339181e-01 -3.360573309399250697e-02 -1.391644759274522636e-01 0.000000000000000000e+00 0.000000000000000000e+00 -1.223246421650000804e-01 -1.577015484910988530e-01 -1.699755246558654065e-01 -5.449073707004042227e-02
-1.991849156503933960e-01 -1.921306052473794324e-01 6.516818610695429559e-01 -9.945071372860295189e-02 1.665411758403474440e+00 0.000000000000000000e+00 -1.695557663769190482e-01 -1.616491365009285197e-01 -1.383338859657326780e-01 -1.601847119915077444e-01
-5.009672273913921142e-02 -5.136828209140593959e-02 0.000000000000000000e+00 -4.644996888762691761e-02 -8.255182993875355077e-03 0.000000000000000000e+00 -1.561365095450857332e-01 -1.029133710567009807e-01 -1.208135822554639999e-01 -1.402367223462173407e-01
0.000000000000000000e+00 1.363270540236799055e+00 0.000000000000000000e+00 0.000000000000000000e+00 0.000000000000000000e+00 -1.319513776648949255e-01 0.000000000000000000e+00 0.000000000000000000e+00 0.000000000000000000e+00 6.025688888914155772e-01
0.000000000000000000e+00 0.000000000000000000e+00 3.652220620256003691e-01 1.172350755780720011e-01 3.096691598457559369e-01 0.000000000000000000e+00 -1.127542527103670422e-01 0.000000000000000000e+00 0.000000000000000000e+00 0.000000000000000000e+00
0.000000000000000000e+00 0.000000000000000000e+00 1.207868052400731917e+00 1.969972302391097552e+00 6.509687674214086339e-01 0.000000000000000000e+00 0.000000000000000000e+00 -1.410166180141757819e-01 0.000000000000000000e+00 1.976140717775843214e+00
0.000000000000000000e+00 0.000000000000000000e+00 2.602181103527190231e-01 1.367863888426862129e+00 6.196780369886434325e-01 0.000000000000000000e+00 0.000000000000000000e+00 0.000000000000000000e+00 -8.733887244358351509e-02 0.000000000000000000e+00
0.000000000000000000e+00 0.000000000000000000e+00 1.449597697105128535e+00 1.746205378317993828e+00 8.424947967923568370e-02 -1.218362600135913382e-01 0.000000000000000000e+00 -1.622411410734406756e-01 0.000000000000000000e+00 -4.733425896854295822e-02
