#Matriz 
-7.589228668431094449e-02 1.660478192067354586e+00 1.436592763350448498e+00 4.671168257617961395e-01 0.000000000000000000e+00 0.000000000000000000e+00 3.493856874203964402e-01 1.610535604361664541e+00 1.547737820909309558e+00 3.089061010051905587e-01
-2.562892065229669530e-02 -1.685383413181092138e-01 0.000000000000000000e+00 -9.185227113638777530e-02 -4.383744873004635778e-03 -6.530189104351442897e-02 -1.710557414352543992e-01 0.000000000000000000e+00 0.000000000000000000e+00 0.000000000000000000e+00
-1.389038208340878655e-01 0.000000000000000000e+00 -1.891599588540495910e-02 -4.625525373822325648e-02 -1.392678888163016715e-01 -1.279807702477387121e-01 0.000000000000000000e+00 0.000000000000000000e+00 0.000000000000000000e+00 0.000000000000000000e+00
-2.570687935452560524e-02 4.163639222890873626e-01 1.695121902147810111e+00 -3.736833575931804152e-02 -3.411293360359662213e-02 -1.472694181191213925e-01 1.752482079696186412e+00 1.478092865080552487e+00 1.912491978536208448e+00 0.000000000000000000e+00
0.000000000000000000e+00 1.453065152641602742e+00 1.398921691611006324e+00 8.225073811006697877e-01 -2.414006124486494168e-02 0.000000000000000000e+00 1.953757387063237427e+00 1.865667173094303299e+00 5.290989141806143881e-01 0.000000000000000000e+00
0.000000000000000000e+00 1.004651408072248620e+00 1.785863899868978422e+00 1.063878355414980215e+00 0.000000000000000000e+00 -1.825566384619398408e-01 9.300674594617632795e-01 1.665399672591974189e+00 0.000000000000000000e+00 0.000000000000000000e+00
-9.632305283657205397e-02 7.356792111928380784e-01 0.000000000000000000e+00 -1.138716466294701357e-01 -1.909724695522475590e-01 -1.158540755315318194e-02 -1.443346130657556514e-01 0.000000000000000000e+00 0.000000000000000000e+00 0.000000000000000000e+00
-1.839578927224775617e-01 0.000000000000000000e+00 0.000000000000000000e+00 -1.722449394607553363e-01 -1.481562169033584508e-01 -1.610338730497284376e-01 0.000000000000000000e+00 -6.907770779319839793e-02 2.258500645208294522e-01 0.000000000000000000e+00
-1.688751410490913207e-01 0.000000000000000000e+00 0.000000000000000000e+00 -1.334075872645636707e-01 -1.732641233138247361e-01 0.000000000000000000e+00 0.000000000000000000e+00 -7.464440966329000116e-02 -1.070823668972824411e-01 0.000000000000000000e+00
-1.906269096939244845e-01 0.000000000000000000e+00 0.000000000000000000e+00 0.000000000000000000e+00 0.000000000000000000e+00 0.000000000000000000e+00 0.000000000000000000e+00 0.000000000000000000e+00 0.000000000000000000e+00 -1.340747576665264340e-01
