#Matriz 
-3.609433190555726839e-02 0.000000000000000000e+00 0.000000000000000000e+00 0.000000000000000000e+00 2.728008262474697077e-01 1.401723572296444953e+00 0.000000000000000000e+00 0.000000000000000000e+00 0.000000000000000000e+00 0.000000000000000000e+00
0.000000000000000000e+00 -2.847129209977792424e-02 0.000000000000000000e+00 1.470355146864454454e+00 0.000000000000000000e+00 0.000000000000000000e+00 1.275336754176199516e+00 8.293106371292098267e-01 3.123612636795636277e-02 6.823553265072226370e-01
0.000000000000000000e+00 0.000000000000000000e+00 -2.465753321933237402e-02 3.447806384015679182e-01 0.000000000000000000e+00 0.000000000000000000e+00 0.000000000000000000e+00 0.000000000000000000e+00 6.073736418392461367e-02 0.000000000000000000e+00
0.000000000000000000e+00 -1.844133710775346935e-01 -3.355716851845980120e-02 -1.149251364862422520e-01 -1.301892519574590901e-01 -3.754743139105185673e-02 -1.384185068994605305e-01 0.000000000000000000e+00 0.000000000000000000e+00 -1.047976542477644935e-01
-1.278516054871679519e-01 0.000000000000000000e+00 0.000000000000000000e+00 1.270773183670887541e+00 -7.477204756857625499e-03 0.000000000000000000e+00 0.000000000000000000e+00 0.000000000000000000e+00 5.146360311030173662e-02 0.000000000000000000e+00
-1.061632400020719458e-01 0.000000000000000000e+00 0.000000000000000000e+00 2.624065013036256389e-01 0.000000000000000000e+00 -1.883789953846892740e-02 9.130671766188935834e-02 7.836299963718138528e-01 5.287804251536871725e-01 9.611970124731217258e-01
0.000000000000000000e+00 -6.206642576752943730e-02 0.000000000000000000e+00 1.187990218779667595e+00 0.000000000000000000e+00 -1.699797381433267585e-01 -3.455140430818064851e-02 0.000000000000000000e+00 1.786466400153351897e+00 -2.983027159601994369e-02
0.000000000000000000e+00 -1.916964894833745880e-01 0.000000000000000000e+00 0.000000000000000000e+00 0.000000000000000000e+00 -1.490501731286058007e-01 0.000000000000000000e+00 -1.376201233159181914e-01 0.000000000000000000e+00 -1.392547134294270794e-01
0.000000000000000000e+00 -1.184660013146381641e-01 -1.805433463732870544e-02 0.000000000000000000e+00 -1.021503607782364709e-01 -8.180703048157884905e-02 -1.615071405513460734e-01 0.000000000000000000e+00 -8.197601961109093893e-02 -8.157455579368205756e-02
0.000000000000000000e+00 -1.025921788573956883e-01 0.000000000000000000e+00 1.257138829969004279e+00 0.000000000000000000e+00 -1.497146908338694293e-01 1.936653799192478820e+00 1.618194007488940267e+00 9.463171546743862628e-01 -1.474127843415977135e-01
