#Matriz 
-3.541337435361999880e-02 0.000000000000000000e+00 1.946883930328503709e+00 8.615505850969076285e-01 -1.551734695967792454e-01 0.000000000000000000e+00 4.593444207435983806e-01 0.000000000000000000e+00 -1.607206747362495414e-01 1.818683365671527552e+00
0.000000000000000000e+00 -1.677869879902947337e-01 0.000000000000000000e+00 -7.256574054020192843e-02 0.000000000000000000e+00 0.000000000000000000e+00 -8.348401374954368681e-02 -1.314050832981363548e-01 0.000000000000000000e+00 0.000000000000000000e+00
-9.092974319058928778e-02 0.000000000000000000e+00 -1.346726581026094251e-02 0.000000000000000000e+00 0.000000000000000000e+00 0.000000000000000000e+00 0.000000000000000000e+00 0.000000000000000000e+00 -1.141372218102705387e-02 0.000000000000000000e+00
-1.488691964252023270e-01 1.311558662912828188e+00 0.000000000000000000e+00 -7.852541725774229986e-02 -1.323448488439024906e-01 8.178193889632403568e-01 0.000000000000000000e+00 0.000000000000000000e+00 -2.189359566403850307e-02 -1.741362803507427170e-01
7.331978574164128570e-01 0.000000000000000000e+00 0.000000000000000000e+00 9.353833690341624152e-01 -1.968174459033309454e-01 0.000000000000000000e+00 1.395691589668021315e+00 1.720434041206522879e+00 6.055028751524278441e-01 1.484491588762010927e+00
0.000000000000000000e+00 0.000000000000000000e+00 0.000000000000000000e+00 -1.381689306614959471e-02 0.000000000000000000e+00 -1.395714421999689758e-01 -1.013467923929838865e-01 -1.669433010785997262e-01 0.000000000000000000e+00 0.000000000000000000e+00
-1.784716012199463464e-01 1.088644778345556396e+00 0.000000000000000000e+00 0.000000000000000000e+00 -3.382331472871855788e-02 7.488826972475777222e-01 -8.521708263446621523e-02 0.000000000000000000e+00 -1.175618766074685573e-01 -1.790774585554922582e-01
0.000000000000000000e+00 1.804577324604701216e+00 0.000000000000000000e+00 0.000000000000000000e+00 -1.872681356539553643e-01 3.448742284383263801e-01 0.000000000000000000e+00 -9.216667864535353638e-02 -1.125887392582636216e-03 0.000000000000000000e+00
1.337177557348513623e+00 0.000000000000000000e+00 2.146158390666479399e-01 1.080489129868976494e+00 -1.446957764441129113e-01 0.000000000000000000e+00 1.500536110990187133e-01 1.703048036119449993e+00 -1.810959446812284712e-01 3.865170217041826728e-01
-5.287571616405811054e-02 0.000000000000000000e+00 0.000000000000000000e+00 1.203690336199790600e+00 -7.277627734283909772e-03 0.000000000000000000e+00 7.904712338762840407e-01 0.000000000000000000e+00 -1.768791894466093528e-01 -2.955635218491399485e-02
