#Matriz 
-5.902862396311088500e-02 0.000000000000000000e+00 5.981774923384748366e-01 1.484434015483069302e-01 4.101773930545016267e-01 2.172743389036519979e-01 4.499043270151343865e-01 0.000000000000000000e+00 9.086977639072373325e-01 0.000000000000000000e+00
0.000000000000000000e+00 -1.154290523638995397e-01 0.000000000000000000e+00 0.000000000000000000e+00 0.000000000000000000e+00 0.000000000000000000e+00 -1.888493544456235906e-01 0.000000000000000000e+00 0.000000000000000000e+00 -1.855422918033062529e-01
-6.493615563743733443e-02 0.000000000000000000e+00 -4.263246455741334651e-02 -3.809162691903727332e-02 0.000000000000000000e+00 0.000000000000000000e+00 0.000000000000000000e+00 0.000000000000000000e+00 0.000000000000000000e+00 -7.722209951297553943e-02
-1.960819366290678101e-01 0.000000000000000000e+00 1.085778651374255777e+00 -1.075922410782301913e-02 8.852700693563722023e-01 1.891987831891519090e+00 1.216161902417564278e+00 1.121540623812421478e+00 3.283190963022262210e-01 -9.008121145086889561e-03
-3.108349539052954885e-02 0.000000000000000000e+00 0.000000000000000000e+00 -1.152646094778213004e-01 -9.939901652176474922e-02 1.992090535658816775e+00 1.052128500631237529e+00 0.000000000000000000e+00 0.000000000000000000e+00 -1.082344809975588212e-01
-5.692653364779625552e-02 0.000000000000000000e+00 0.000000000000000000e+00 -6.172468797936685875e-02 -2.298327105024433603e-02 -8.369874705897167866e-02 0.000000000000000000e+00 6.596747346157572078e-01 0.000000000000000000e+00 -1.143346744870281928e-01
-2.341196419246398611e-02 1.839916957092839755e+00 0.000000000000000000e+00 -9.980074630867009911e-03 -9.188738308974860047e-02 0.000000000000000000e+00 -5.123227293822799067e-02 0.000000000000000000e+00 0.000000000000000000e+00 -1.013708473500907897e-01
0.000000000000000000e+00 0.000000000000000000e+00 0.000000000000000000e+00 -4.953344152552185964e-02 0.000000000000000000e+00 -9.912838956529390622e-03 0.000000000000000000e+00 -1.969243217024703174e-01 0.000000000000000000e+00 -1.187845104551947389e-01
-1.579557854452758869e-01 0.000000000000000000e+00 0.000000000000000000e+00 -8.858216567307136691e-02 0.000000000000000000e+00 0.000000000000000000e+00 0.000000000000000000e+00 0.000000000000000000e+00 -1.094775285225608741e-01 -1.864236094844813896e-01
0.000000000000000000e+00 1.366959253568590826e+00 1.169539768393700996e+00 6.063020227279134478e-01 1.465155833465187074e+00 1.317958239452001301e+00 6.707399578656281225e-01 3.412340350645104436e-01 1.638099937082297064e+00 -1.266155895890830330e-01
