#Matriz 
-2.522635300458555760e-02 8.763396543393497939e-01 1.743291692573876173e+00 1.724375476728159162e+00 1.603587547458608098e+00 0.000000000000000000e+00 0.000000000000000000e+00 6.477156761865596746e-01 0.000000000000000000e+00 0.000000000000000000e+00
-9.346889747371581181e-02 -1.493742959113626700e-01 0.000000000000000000e+00 -9.215044655415377539e-02 0.000000000000000000e+00 5.860669085619927277e-01 0.000000000000000000e+00 0.000000000000000000e+00 1.965706822392257358e+00 0.000000000000000000e+00
-1.319342726642493691e-01 0.000000000000000000e+00 -3.952222892728643466e-02 -1.072013505289872749e-02 0.000000000000000000e+00 0.000000000000000000e+00 0.000000000000000000e+00 -7.247638118297188015e-02 0.000000000000000000e+00 -1.005455916322677279e-01
-1.966478560312590051e-02 1.394132488755986499e+00 1.820692917197445082e+00 -1.037816318375374691e-01 1.349880424266933998e+00 0.000000000000000000e+00 5.508013126997217679e-01 4.578426615876909356e-01 0.000000000000000000e+00 0.000000000000000000e+00
-1.601786895295140012e-01 0.000000000000000000e+00 0.000000000000000000e+00 -1.293683190438010555e-01 -1.343209214390968242e-01 0.000000000000000000e+00 1.207928737554330167e+00 1.055902901629935942e+00 0.000000000000000000e+00 -7.146478658078184165e-02
0.000000000000000000e+00 -7.615926576704651341e-02 0.000000000000000000e+00 0.000000000000000000e+00 0.000000000000000000e+00 -1.086212910614312577e-01 -8.123031219079789034e-02 0.000000000000000000e+00 2.208434943829080677e-01 -1.427462550770355887e-01
0.000000000000000000e+00 0.000000000000000000e+00 0.000000000000000000e+00 -6.128245459692079067e-02 -5.487939609481987113e-02 1.643647805463599898e+00 -1.318614675660835789e-01 -9.948221873027918161e-02 0.000000000000000000e+00 -1.649042911305982906e-01
-3.441892215965143553e-02 0.000000000000000000e+00 1.127450358994008806e+00 -3.626864977002264290e-02 -5.735626105853697948e-03 0.000000000000000000e+00 1.616398575534291115e+00 -8.477523089424426894e-02 0.000000000000000000e+00 -1.445033489178123298e-01
0.000000000000000000e+00 -1.634696661771737475e-02 0.000000000000000000e+00 0.000000000000000000e+00 0.000000000000000000e+00 -1.941411159843936252e-01 0.000000000000000000e+00 0.000000000000000000e+00 -1.602214027890534742e-01 -2.935811656032807568e-02
0.000000000000000000e+00 0.000000000000000000e+00 1.274277650810680562e+00 0.000000000000000000e+00 6.682864313519485400e-01 2.723354683629215511e-01 1.448398850734546217e+00 6.286171902679413837e-01 5.759941522743499132e-01 -3.822888481797919596e-02
