#Matriz 
-1.829320959213334985e-01 4.958086634025506978e-01 0.000000000000000000e+00 0.000000000000000000e+00 1.359913299407300658e+00 2.356185279557785339e-01 1.800678132192312209e+00 1.708767264504097438e+00 5.999899523475460406e-01 5.188488175642480549e-02
-5.433761928304575023e-02 -1.764806658675388551e-02 -7.330556871012054720e-02 -1.209984870760150710e-01 7.421247532851984463e-01 0.000000000000000000e+00 -1.064396551236160282e-01 0.000000000000000000e+00 0.000000000000000000e+00 0.000000000000000000e+00
0.000000000000000000e+00 1.008827987697588080e+00 -1.055179250571645078e-01 0.000000000000000000e+00 0.000000000000000000e+00 3.961125985135489636e-01 0.000000000000000000e+00 1.594590965583082554e-01 1.806409088264295137e+00 6.326802716489325906e-01
0.000000000000000000e+00 1.709167313183371784e+00 0.000000000000000000e+00 -1.406183966617040662e-02 0.000000000000000000e+00 0.000000000000000000e+00 6.151348937178906517e-01 4.155047401734959234e-01 4.768809953622028530e-01 0.000000000000000000e+00
-9.601024744830742585e-02 -8.923959044475085478e-02 0.000000000000000000e+00 0.000000000000000000e+00 -1.177212659588271482e-01 0.000000000000000000e+00 0.000000000000000000e+00 -4.187402533492641521e-02 -3.343280265819854880e-02 -1.607653311204262359e-01
-1.863298684835216490e-01 0.000000000000000000e+00 -1.230788018549800467e-01 0.000000000000000000e+00 0.000000000000000000e+00 -1.550799874679377188e-01 -1.294365980858706022e-01 -1.055279338334950134e-01 -1.036166337783375052e-01 0.000000000000000000e+00
-1.266669629547769182e-01 1.361100224061955855e+00 0.000000000000000000e+00 -6.692159230493203992e-02 0.000000000000000000e+00 6.912511291625591525e-01 -1.414125945341208890e-01 1.387826784048353801e+00 1.843322505843144388e+00 1.955287380362249028e+00
-9.572067257481420288e-02 0.000000000000000000e+00 -1.942183278574217964e-01 -1.254036013121033744e-01 5.865493827482655131e-01 1.741215697534286067e+00 -5.955090226064185810e-02 -1.583101141712535409e-01 0.000000000000000000e+00 0.000000000000000000e+00
-3.299657577821175913e-02 0.000000000000000000e+00 -5.677898143763382421e-02 -1.919670453016856237e-01 2.276554154944681052e-01 1.061946691055089875e+00 -1.618110185852921490e-01 0.000000000000000000e+00 -1.626651853889947985e-01 9.907058726551576378e-02
-1.194739383745847400e-01 0.000000000000000000e+00 -1.152008587294953285e-01 0.000000000000000000e+00 3.212362079870407783e-01 0.000000000000000000e+00 -7.597226287669503475e-02 0.000000000000000000e+00 -1.995772033709459214e-01 -9.350821152401400660e-02
