#Matriz 
-4.618541295023790433e-02 0.000000000000000000e+00 0.000000000000000000e+00 0.000000000000000000e+00 1.149325816502837494e-01 0.000000000000000000e+00 -1.116045717523186931e-01 -1.658216316280747282e-01 0.000000000000000000e+00 0.000000000000000000e+00
0.000000000000000000e+00 -1.617055892448838184e-01 0.000000000000000000e+00 0.000000000000000000e+00 6.256983850101964784e-01 1.240529851581712695e+00 0.000000000000000000e+00 0.000000000000000000e+00 1.389082430077838159e+00 1.219752256603512164e+00
0.000000000000000000e+00 0.000000000000000000e+00 -1.859473552279367059e-02 0.000000000000000000e+00 2.407492578482219869e-01 1.155030789286096926e+00 -1.493167336958984570e-01 -1.242820943052179578e-01 1.442983789108496229e-01 0.000000000000000000e+00
0.000000000000000000e+00 0.000000000000000000e+00 0.000000000000000000e+00 -1.014637525316771510e-01 0.000000000000000000e+00 0.000000000000000000e+00 -1.167055981566840761e-01 -1.991846794822531574e-01 0.000000000000000000e+00 0.000000000000000000e+00
-1.497891819575804251e-01 -8.036307058011089854e-02 -1.605158604638130468e-02 0.000000000000000000e+00 -1.214526335886107616e-01 0.000000000000000000e+00 -1.236832989555691348e-01 -1.316525248580472929e-01 0.000000000000000000e+00 0.000000000000000000e+00
0.000000000000000000e+00 -2.271954705150978221e-02 -1.809811083787667974e-01 0.000000000000000000e+00 0.000000000000000000e+00 -1.070306172304672371e-01 -7.716484178054772158e-02 -7.671274008172984660e-02 0.000000000000000000e+00 -8.683441273579098341e-02
1.812469840533627696e+00 0.000000000000000000e+00 6.759993293522537083e-01 1.235282271715546942e+00 1.421872381482936820e+00 1.698285938650724747e+00 -1.540955180157586590e-01 6.098003244622853813e-01 8.401353331936700641e-03 2.315851310818535236e-01
2.979258686756929286e-01 0.000000000000000000e+00 1.099038333300365933e+00 1.231546436193405869e+00 1.290305085146260744e+00 1.416896544798237123e+00 -1.836542861644602231e-01 -1.055310129506751571e-01 1.586335917813870289e+00 1.499380297007818053e+00
0.000000000000000000e+00 -1.519597282022328022e-01 -9.699591969680552983e-02 0.000000000000000000e+00 0.000000000000000000e+00 0.000000000000000000e+00 -4.845568155777520147e-02 -1.622586406314397156e-01 -1.598031555914986857e-01 -2.122642260670404291e-02
0.000000000000000000e+00 -1.299593286729871511e-01 0.000000000000000000e+00 0.000000000000000000e+00 0.000000000000000000e+00 7.726390173204389367e-01 -1.003500585691266545e-01 -1.147211247672862700e-01 1.554038383863578510e-01 -3.350743867164707179e-02
