#Matriz 
-7.116928580177388219e-02 0.000000000000000000e+00 0.000000000000000000e+00 -1.101361472281923159e-01 0.000000000000000000e+00 1.524524470407896404e+00 -1.330286833742942015e-02 6.456673239623231808e-01 9.843399649741260138e-01 -6.454940442664403033e-02
0.000000000000000000e+00 -1.879838422730377781e-02 0.000000000000000000e+00 -1.272013391168395346e-01 0.000000000000000000e+00 0.000000000000000000e+00 -4.829556290571564159e-02 0.000000000000000000e+00 0.000000000000000000e+00 -1.382295876123256495e-01
0.000000000000000000e+00 0.000000000000000000e+00 -4.726289004455599962e-02 4.341894767877374495e-01 0.000000000000000000e+00 0.000000000000000000e+00 0.000000000000000000e+00 0.000000000000000000e+00 0.000000000000000000e+00 0.000000000000000000e+00
7.634455842628293798e-01 1.911175672411911108e-01 -1.493598343940951423e-01 -1.387737074838426010e-01 0.000000000000000000e+00 0.000000000000000000e+00 -1.469067697014477536e-01 0.000000000000000000e+00 0.000000000000000000e+00 5.735621103217629635e-01
0.000000000000000000e+00 0.000000000000000000e+00 0.000000000000000000e+00 0.000000000000000000e+00 -1.255536697138288638e-01 1.540317539726326457e+00 -6.850897029397962079e-02 7.984314978893367609e-01 0.000000000000000000e+00 -1.648184030824164925e-01
-4.965868517902656543e-02 0.000000000000000000e+00 0.000000000000000000e+00 0.000000000000000000e+00 -1.878444391028199767e-01 -1.911911125030189562e-01 -6.474448696759037281e-02 -1.451706170385846928e-01 0.000000000000000000e+00 0.000000000000000000e+00
6.797507494468608691e-01 1.658610083909178412e+00 0.000000000000000000e+00 7.419887558980293729e-01 9.130736182144330026e-01 1.612435199277026943e-01 -1.991233098205062446e-01 3.121484337736837311e-01 1.206125534891481665e+00 1.781420027033064901e-01
-1.560839186903850706e-02 0.000000000000000000e+00 0.000000000000000000e+00 0.000000000000000000e+00 -1.872953701978873620e-01 8.768773873192510226e-01 -8.753458004401964976e-02 -1.133953925585191591e-01 -1.275970156785125875e-01 0.000000000000000000e+00
-1.526364449683911273e-01 0.000000000000000000e+00 0.000000000000000000e+00 0.000000000000000000e+00 0.000000000000000000e+00 0.000000000000000000e+00 -1.818744739224942564e-01 1.413533362600316368e+00 -1.926531562302724598e-01 0.000000000000000000e+00
1.843946047563724600e+00 2.676075549207619364e-01 0.000000000000000000e+00 -1.326218270022202494e-01 6.440835824452433300e-01 0.000000000000000000e+00 -1.601991708555832242e-02 0.000000000000000000e+00 0.000000000000000000e+00 -2.707800476068367157e-02
