#Matriz 
-1.902153992233637791e-01 3.733998089302943413e-01 0.000000000000000000e+00 4.713270501741451124e-01 1.188135010278969173e+00 0.000000000000000000e+00 1.936411096472174798e+00 4.732757215260503525e-01 1.927493282501598015e+00 6.376573334317843234e-01
-4.585055165132689847e-02 -2.510037128046682664e-02 8.690709548796002881e-01 0.000000000000000000e+00 8.678999658846242582e-01 0.000000000000000000e+00 1.904841958196034080e+00 1.455606164368905553e-02 6.085523750149890443e-01 1.731259792822354093e+00
0.000000000000000000e+00 -1.596716077977165527e-01 -6.439762523749346934e-02 0.000000000000000000e+00 1.768008766582281677e+00 0.000000000000000000e+00 2.485369186539125863e-01 0.000000000000000000e+00 1.587245597965124100e+00 0.000000000000000000e+00
-1.170007034699206278e-01 0.000000000000000000e+00 0.000000000000000000e+00 -4.054353861209902821e-02 0.000000000000000000e+00 1.092296451859721351e+00 0.000000000000000000e+00 0.000000000000000000e+00 -4.367452591021536712e-02 -2.884814403130984278e-02
-1.380882835297469746e-01 -5.632750746581139528e-03 -1.286253612616810871e-01 0.000000000000000000e+00 -1.186658697945836560e-01 0.000000000000000000e+00 -2.758866131707549390e-03 0.000000000000000000e+00 0.000000000000000000e+00 1.398161351785262907e+00
0.000000000000000000e+00 0.000000000000000000e+00 0.000000000000000000e+00 -6.085920700146921214e-02 0.000000000000000000e+00 -6.942999446316981682e-02 0.000000000000000000e+00 0.000000000000000000e+00 -1.830045162151913707e-01 0.000000000000000000e+00
-4.022124305644481264e-03 -1.370986099057796836e-01 -1.251102587891299855e-01 0.000000000000000000e+00 1.675999334163856158e+00 0.000000000000000000e+00 -1.288724103814138933e-01 3.071291787366448034e-01 1.527955808136143290e-01 0.000000000000000000e+00
-1.692563382837193320e-01 -6.436282636155757353e-02 0.000000000000000000e+00 0.000000000000000000e+00 0.000000000000000000e+00 0.000000000000000000e+00 -1.844018627161391477e-01 -1.496759945386939572e-01 0.000000000000000000e+00 0.000000000000000000e+00
-3.236049853257157161e-02 -1.758917012442174355e-01 -1.514543907267956180e-01 2.128073733739539453e-01 0.000000000000000000e+00 1.955198306074001913e+00 -9.157175971707665063e-02 0.000000000000000000e+00 -2.291289656733397351e-02 0.000000000000000000e+00
-6.279984073322597560e-02 -3.696704448849832264e-02 0.000000000000000000e+00 2.605275140806189160e-01 -1.143649689840416928e-01 0.000000000000000000e+00 0.000000000000000000e+00 0.000000000000000000e+00 0.000000000000000000e+00 -1.194973883105152068e-01
