#Matriz 
-1.921486188497374681e-02 0.000000000000000000e+00 1.718807259036058133e+00 8.665903809838075844e-01 0.000000000000000000e+00 8.399205627436769905e-01 -6.423409484567170480e-02 1.858059373466280917e-02 0.000000000000000000e+00 1.724953279169829656e-01
0.000000000000000000e+00 -8.344655769141495760e-02 9.691238455522097617e-01 1.895431665646372110e-01 0.000000000000000000e+00 2.672139881530743999e-02 -4.287526926548515527e-02 0.000000000000000000e+00 0.000000000000000000e+00 1.486823883439425398e-01
-3.892668611304490878e-02 -1.063522786934211900e-01 -4.368868137499348769e-02 -8.806779009133483549e-02 0.000000000000000000e+00 1.474744055020983158e+00 0.000000000000000000e+00 0.000000000000000000e+00 -1.951148643142923411e-01 -1.603352938078556056e-01
-1.302885700336731400e-01 -1.529857254213080053e-01 7.265006972434360222e-01 -1.715348626255082110e-01 0.000000000000000000e+00 0.000000000000000000e+00 0.000000000000000000e+00 0.000000000000000000e+00 -1.000992243222156575e-01 -8.881734484423782494e-02
0.000000000000000000e+00 0.000000000000000000e+00 0.000000000000000000e+00 0.000000000000000000e+00 -1.491379735741219237e-01 0.000000000000000000e+00 -1.172604690216228623e-01 0.000000000000000000e+00 0.000000000000000000e+00 0.000000000000000000e+00
-3.286743381343584097e-02 -1.117195319407963405e-01 -1.023364464732039320e-01 0.000000000000000000e+00 0.000000000000000000e+00 -1.089696084136039245e-01 0.000000000000000000e+00 -1.987806025622838590e-01 -3.569910841702155641e-02 0.000000000000000000e+00
6.773830053924896344e-01 1.336502546837976091e+00 0.000000000000000000e+00 0.000000000000000000e+00 5.371563754650010569e-01 0.000000000000000000e+00 -1.693371383185607870e-01 0.000000000000000000e+00 1.223548596529756116e+00 0.000000000000000000e+00
-1.581033976795072071e-01 0.000000000000000000e+00 0.000000000000000000e+00 0.000000000000000000e+00 0.000000000000000000e+00 1.414609183143330062e+00 0.000000000000000000e+00 -4.081942936185121301e-02 -1.257916665688429692e-01 0.000000000000000000e+00
0.000000000000000000e+00 0.000000000000000000e+00 3.032678167391844593e-01 9.632408855480480980e-01 0.000000000000000000e+00 9.113306362142787886e-01 -2.923176380023287044e-02 1.741378472514128806e+00 -4.684694441461015324e-02 6.322558741833061990e-01
-9.133748787818962711e-02 -2.158174248923610053e-02 7.323036792769592740e-01 2.705046663563392961e-01 0.000000000000000000e+00 0.000000000000000000e+00 0.000000000000000000e+00 0.000000000000000000e+00 -1.112109432179154700e-01 -1.625916635298979562e-01
