#Matriz 
-4.784538681072707939e-02 1.279694207999884314e+00 4.024821538238423368e-01 0.000000000000000000e+00 9.187279830670449510e-01 -1.931345759856189018e-02 1.696188982922106181e+00 1.339776844334221728e-01 0.000000000000000000e+00 2.976709905254921740e-01
-6.181587009848657499e-02 -2.223718861461940893e-02 0.000000000000000000e+00 -1.493518703021290694e-01 0.000000000000000000e+00 -3.510793949673867570e-02 0.000000000000000000e+00 -1.592540468299128431e-01 -8.145187183925595154e-02 1.323292588594397357e+00
-8.813234077087546414e-02 0.000000000000000000e+00 -1.848235349690567908e-01 -1.449043830218421369e-01 1.972286258259799308e+00 -3.126538257580424585e-02 5.328170145472339581e-01 1.268630849616515732e+00 1.491890021691413271e-01 0.000000000000000000e+00
0.000000000000000000e+00 1.137232906017553002e+00 6.488951228113859493e-01 -5.772439389767569651e-02 1.449366709897402794e+00 0.000000000000000000e+00 1.647201604004601805e+00 4.040414967567729221e-01 0.000000000000000000e+00 3.824704256599105179e-01
-7.859979415132883895e-02 0.000000000000000000e+00 -1.463256839056217562e-01 -1.597445575976752519e-01 -1.849437068572666043e-01 -1.498306595535734698e-01 0.000000000000000000e+00 0.000000000000000000e+00 0.000000000000000000e+00 1.403195162714389044e+00
1.107925698132451231e+00 1.891850482508934839e+00 1.331864329481712739e+00 0.000000000000000000e+00 4.424659464094256034e-01 -9.791997606411096886e-03 6.224366927426630003e-01 1.824397637826744356e+00 6.514283232417410474e-01 0.000000000000000000e+00
-6.803485429432565637e-03 0.000000000000000000e+00 -1.163794023642825970e-01 -6.871279364583282590e-02 0.000000000000000000e+00 -9.628146788401795164e-02 -1.874650217813736974e-01 0.000000000000000000e+00 0.000000000000000000e+00 0.000000000000000000e+00
-1.083746050997131533e-01 6.469486918353735128e-01 -1.785769641783139794e-01 -5.354175616118322240e-02 0.000000000000000000e+00 -1.729528872283197030e-02 0.000000000000000000e+00 -8.179346458945657705e-02 0.000000000000000000e+00 0.000000000000000000e+00
0.000000000000000000e+00 4.028010469144187589e-01 -1.924685561526929545e-01 0.000000000000000000e+00 0.000000000000000000e+00 -1.785261796085702013e-01 0.000000000000000000e+00 0.000000000000000000e+00 -1.206546975495721985e-01 0.000000000000000000e+00
-1.621592873327442064e-01 -7.780184222088351587e-02 0.000000000000000000e+00 -1.755073341244679508e-01 -1.982111528516514870e-02 0.000000000000000000e+00 0.000000000000000000e+00 0.000000000000000000e+00 0.000000000000000000e+00 -6.103340983315428542e-02
