#Matriz 
-4.860731532989642084e-02 1.971644584593862159e+00 -1.523894413111721580e-01 1.917092298102311521e+00 0.000000000000000000e+00 0.000000000000000000e+00 0.000000000000000000e+00 0.000000000000000000e+00 -1.124367835468133014e-01 0.000000000000000000e+00
-1.786982813283923555e-01 -1.873295480150629841e-02 -2.562304199820289105e-02 7.228860742164542330e-01 -7.329480175371112793e-02 0.000000000000000000e+00 0.000000000000000000e+00 -6.311560615290034981e-02 0.000000000000000000e+00 1.765331354834848598e+00
1.230671850735492789e+00 1.204735950813922374e+00 -1.542883123784507815e-01 1.338480132914483978e+00 5.119568697250551637e-01 1.267782021430620132e+00 5.178293684160313326e-01 8.327704502428574518e-01 0.000000000000000000e+00 1.367648874050685803e+00
-1.446628494617686611e-01 -1.751255957206139247e-01 -5.406861500351872046e-02 -3.653685837051523846e-03 -1.113982512388521917e-01 -3.048579552998687252e-03 0.000000000000000000e+00 0.000000000000000000e+00 0.000000000000000000e+00 4.068677185936275809e-01
0.000000000000000000e+00 1.079407545535551627e+00 -8.880607562916764675e-02 1.185580967675220476e+00 -1.943300720960835504e-01 0.000000000000000000e+00 0.000000000000000000e+00 0.000000000000000000e+00 0.000000000000000000e+00 8.119789055204502670e-01
0.000000000000000000e+00 0.000000000000000000e+00 -6.692928554497515337e-02 1.966552733577297429e+00 0.000000000000000000e+00 -1.211186773043006204e-01 0.000000000000000000e+00 0.000000000000000000e+00 0.000000000000000000e+00 7.579324414947399280e-01
0.000000000000000000e+00 0.000000000000000000e+00 -1.289219245993339369e-01 0.000000000000000000e+00 0.000000000000000000e+00 0.000000000000000000e+00 -4.069750086136166012e-02 -7.051330146070837468e-02 -1.294630666462530943e-01 1.556954896518193632e+00
0.000000000000000000e+00 1.134765479685238443e+00 -6.295569578305441893e-02 0.000000000000000000e+00 0.000000000000000000e+00 0.000000000000000000e+00 1.931550250800924129e+00 -3.091953649516396979e-02 -3.512835928448521106e-02 0.000000000000000000e+00
1.689041172730226581e+00 0.000000000000000000e+00 0.000000000000000000e+00 0.000000000000000000e+00 0.000000000000000000e+00 0.000000000000000000e+00 8.552954569363027115e-01 1.552459275904527702e+00 -1.634208226810054398e-01 0.000000000000000000e+00
0.000000000000000000e+00 -1.795969343544274732e-01 -1.075986022358345340e-01 -9.843218909556349094e-02 -7.525677343314174546e-03 -5.300176135495156260e-02 -5.545568643871504055e-02 0.000000000000000000e+00 0.000000000000000000e+00 -1.275276584248908884e-01
