#Matriz 
-1.666984868487109417e-01 0.000000000000000000e+00 0.000000000000000000e+00 -1.188637814677259846e-01 0.000000000000000000e+00 1.018994976106393890e+00 0.000000000000000000e+00 -9.508219216071145397e-02 0.000000000000000000e+00 -9.595713882148149132e-02
0.000000000000000000e+00 -1.568848489469529539e-01 -4.821640442891572892e-04 -1.731674794012890983e-01 0.000000000000000000e+00 0.000000000000000000e+00 -7.091822901010762237e-02 4.576488826581754932e-01 1.623099435213213093e+00 -1.283231146703960046e-01
0.000000000000000000e+00 4.356352905266898112e-01 -1.860579086075677124e-01 0.000000000000000000e+00 0.000000000000000000e+00 0.000000000000000000e+00 0.000000000000000000e+00 1.546962522249144989e+00 8.843951338886468783e-01 0.000000000000000000e+00
4.172434367660555754e-01 1.944489167451749045e+00 0.000000000000000000e+00 -1.821030283454625615e-02 0.000000000000000000e+00 1.958809860060613195e+00 -5.247261219829644358e-02 1.502787349655569926e+00 1.486357663521247208e+00 -1.227889916267536352e-01
0.000000000000000000e+00 0.000000000000000000e+00 0.000000000000000000e+00 0.000000000000000000e+00 -1.877341563068963548e-01 0.000000000000000000e+00 -1.470742251895186536e-01 0.000000000000000000e+00 4.154986489067105104e-01 0.000000000000000000e+00
-7.266796703284948700e-02 0.000000000000000000e+00 0.000000000000000000e+00 -1.905757390277224017e-01 0.000000000000000000e+00 -1.706072343974688044e-01 0.000000000000000000e+00 0.000000000000000000e+00 0.000000000000000000e+00 0.000000000000000000e+00
0.000000000000000000e+00 6.195953115942651745e-01 0.000000000000000000e+00 2.049914509682273511e-01 5.854659118949865348e-01 0.000000000000000000e+00 -1.129665889485438335e-01 1.841958646583425674e+00 0.000000000000000000e+00 6.944076431936938576e-01
1.303591575410265380e+00 -7.162862375842207752e-02 -1.116443729274256835e-01 -7.548144617969217152e-02 0.000000000000000000e+00 0.000000000000000000e+00 -1.403379566914566279e-01 -5.861530486568960335e-02 9.775274901230979196e-02 -1.631894539858836923e-01
0.000000000000000000e+00 -8.276968735272101363e-02 -1.366733648254932036e-02 -1.736779065021736568e-01 -3.857771889912358504e-02 0.000000000000000000e+00 0.000000000000000000e+00 -5.735156676429645217e-02 -1.987805265346214989e-01 -1.560088879686432339e-01
1.093058300209174272e+00 1.018085334339234649e+00 0.000000000000000000e+00 1.305536049503966511e+00 0.000000000000000000e+00 0.000000000000000000e+00 -9.608712171845457117e-02 1.653137995399153626e+00 6.440764117333515060e-01 -1.694889485297610687e-01
