#Matriz 
-1.377656619141759131e-01 1.160693217047824577e+00 1.201090049536244875e+00 -1.696659957207242164e-01 -7.259841761736977872e-02 0.000000000000000000e+00 0.000000000000000000e+00 3.062794853287829078e-01 -7.133686661078286750e-02 -9.209885262624535607e-02
-8.364735361499926747e-02 -4.008923171617335968e-02 0.000000000000000000e+00 0.000000000000000000e+00 -1.252205748887147418e-01 0.000000000000000000e+00 -1.670709542818715476e-01 7.078364646676482685e-01 0.000000000000000000e+00 0.000000000000000000e+00
-9.949220750101624156e-02 0.000000000000000000e+00 -8.566588490987832316e-02 0.000000000000000000e+00 -1.179430139776343894e-01 0.000000000000000000e+00 -1.840072191347660313e-01 0.000000000000000000e+00 -1.785941123239938588e-01 0.000000000000000000e+00
8.353402613373750452e-01 0.000000000000000000e+00 0.000000000000000000e+00 -1.412854583504880024e-01 -1.702240898844579187e-01 1.323269600313899064e+00 1.925875394561690657e+00 0.000000000000000000e+00 0.000000000000000000e+00 1.271351655937408731e+00
1.600703286366012001e-01 7.698101898586655611e-01 3.556689029501445276e-01 1.360923749972450469e+00 -1.740185740645467105e-01 1.932070603366931705e+00 9.985488418344405925e-01 1.323498419285666250e+00 0.000000000000000000e+00 4.262137432220942657e-01
0.000000000000000000e+00 0.000000000000000000e+00 0.000000000000000000e+00 -1.440885463378580034e-01 -1.612863164804971897e-02 -1.938005943008442866e-01 0.000000000000000000e+00 0.000000000000000000e+00 -1.542393641725822440e-01 -2.969129694613663675e-02
0.000000000000000000e+00 1.081283838472260062e+00 1.827152557646376962e+00 -9.842415880527316530e-02 -1.553514696295415498e-01 0.000000000000000000e+00 -1.761649054198892728e-01 1.899277632768401336e+00 0.000000000000000000e+00 0.000000000000000000e+00
-1.633113798875257261e-01 -1.251060551267267063e-01 0.000000000000000000e+00 0.000000000000000000e+00 -8.074386854207704634e-02 0.000000000000000000e+00 -6.194051706945178509e-02 -9.969632078601627090e-02 -2.652704863261264034e-02 0.000000000000000000e+00
7.457315669378106193e-02 0.000000000000000000e+00 6.238019814064175161e-01 0.000000000000000000e+00 0.000000000000000000e+00 7.427708714845455695e-01 0.000000000000000000e+00 1.203365017764171707e+00 -1.228070992997567501e-01 0.000000000000000000e+00
1.704514325130698671e+00 0.000000000000000000e+00 0.000000000000000000e+00 -7.458236572327039959e-02 -1.464782699501333274e-01 1.315023207713355013e+00 0.000000000000000000e+00 0.000000000000000000e+00 0.000000000000000000e+00 -1.666662417450258671e-01
