#Matriz 
-1.213671630052304967e-01 0.000000000000000000e+00 -6.189719184421607623e-02 0.000000000000000000e+00 0.000000000000000000e+00 0.000000000000000000e+00 -1.867484069832132387e-01 1.892938782162980615e+00 0.000000000000000000e+00 -5.822596077676123194e-02
0.000000000000000000e+00 -7.173038800102231327e-02 -7.240726661200325154e-02 0.000000000000000000e+00 0.000000000000000000e+00 -1.389284415697557562e-01 -7.533684686853724111e-02 0.000000000000000000e+00 0.000000000000000000e+00 0.000000000000000000e+00
5.092466484440407726e-01 3.693123834243834391e-01 -3.277111040555241023e-02 5.680505301008900165e-01 1.723066777651882653e+00 1.321991744256427515e+00 1.573232783313196714e+00 8.745634605962200325e-01 4.084637313030077266e-01 8.890202777597639994e-01
0.000000000000000000e+00 0.000000000000000000e+00 -1.987212298925870313e-01 -1.204083907803176479e-01 0.000000000000000000e+00 0.000000000000000000e+00 -1.163101040620673071e-01 -1.609047854019498569e-01 0.000000000000000000e+00 0.000000000000000000e+00
0.000000000000000000e+00 0.000000000000000000e+00 -1.794061509623082196e-01 0.000000000000000000e+00 -1.346316265980969200e-02 -1.701223539744856905e-01 -1.089147121175635252e-01 0.000000000000000000e+00 -3.618999884229889830e-02 0.000000000000000000e+00
0.000000000000000000e+00 9.874256160339844879e-01 -1.587293817458176604e-01 0.000000000000000000e+00 1.787430025569845204e+00 -1.589029430228662831e-01 -1.040955257722330080e-01 0.000000000000000000e+00 1.113749277633090617e+00 -4.933049847331650271e-03
9.515579227690149633e-01 1.552854793522676635e+00 -5.939107623658344132e-02 1.034044066940586815e+00 1.831721959334343008e+00 1.500898874021742380e+00 -1.017132501785515536e-01 1.655844130479270815e+00 1.641745771804788756e+00 -1.511066092577511566e-01
-3.337971402956965011e-02 0.000000000000000000e+00 -1.190276723440767265e-01 1.854988016027327546e+00 0.000000000000000000e+00 0.000000000000000000e+00 -3.328828213962458510e-02 -1.333389303149708216e-01 0.000000000000000000e+00 0.000000000000000000e+00
0.000000000000000000e+00 0.000000000000000000e+00 -1.954881616040362313e-01 0.000000000000000000e+00 1.257289768495102988e+00 -5.281934738016891284e-02 -2.434714872537246944e-02 0.000000000000000000e+00 -8.785807855253160992e-02 0.000000000000000000e+00
1.615930899610835914e+00 0.000000000000000000e+00 -1.062622858882535798e-01 0.000000000000000000e+00 0.000000000000000000e+00 1.627009715133033829e+00 6.279999862887788442e-01 0.000000000000000000e+00 0.000000000000000000e+00 -1.778337211945824059e-01
