#Matriz 
-1.328239562059618517e-01 0.000000000000000000e+00 0.000000000000000000e+00 0.000000000000000000e+00 0.000000000000000000e+00 0.000000000000000000e+00 -1.850087669320268635e-01 1.555440968155237913e+00 0.000000000000000000e+00 0.000000000000000000e+00
0.000000000000000000e+00 -1.141793230231863965e-01 3.884488065292777126e-01 0.000000000000000000e+00 8.777323286075382480e-01 0.000000000000000000e+00 -3.321342640675850610e-02 1.487610609389567573e+00 1.751940920857199213e+00 0.000000000000000000e+00
0.000000000000000000e+00 -4.177541681039480953e-02 -1.597682317975599592e-02 1.605450579053473881e+00 -9.516477580496147948e-02 0.000000000000000000e+00 -2.466789443732910966e-02 -1.606704781345579258e-01 0.000000000000000000e+00 1.216878856391208741e+00
0.000000000000000000e+00 0.000000000000000000e+00 -6.811648392411596281e-03 -2.346822282080518809e-03 0.000000000000000000e+00 -4.399956952574142488e-02 -4.205122163107730821e-02 0.000000000000000000e+00 -1.484484835334118624e-01 0.000000000000000000e+00
0.000000000000000000e+00 -1.628074970169616220e-01 4.746118714138281014e-02 0.000000000000000000e+00 -1.941580479934255643e-01 0.000000000000000000e+00 -6.320376909886404881e-02 4.345437114236163634e-01 3.410523426076399467e-01 0.000000000000000000e+00
0.000000000000000000e+00 0.000000000000000000e+00 0.000000000000000000e+00 1.952711074745889119e+00 0.000000000000000000e+00 -7.208934115102372253e-03 0.000000000000000000e+00 0.000000000000000000e+00 0.000000000000000000e+00 4.848474841872749685e-01
1.529101129847173057e+00 6.025126323172438347e-01 8.812630497335329771e-01 1.277837627811007515e+00 5.330819849500703089e-01 0.000000000000000000e+00 -8.171754806983472230e-02 1.002993319586377163e+00 1.158111702149452471e+00 1.439136464096319346e+00
-1.712269981397578078e-01 -4.594944828637346351e-02 1.597567178258882059e+00 0.000000000000000000e+00 -1.878508757318838596e-01 0.000000000000000000e+00 -1.922741413827981985e-02 -9.019736108587550483e-02 1.443525078365921477e-01 0.000000000000000000e+00
0.000000000000000000e+00 -1.880824566544662679e-01 0.000000000000000000e+00 2.198407504410708757e-01 -1.443731150638392913e-01 0.000000000000000000e+00 -1.594637837046905815e-01 -1.479592553396278654e-01 -1.112926269934580437e-01 1.501366149192420840e+00
0.000000000000000000e+00 0.000000000000000000e+00 -1.686852947085338283e-01 0.000000000000000000e+00 0.000000000000000000e+00 -1.740538711200878552e-02 -1.895062022495704046e-02 0.000000000000000000e+00 -9.473668478365558643e-02 -2.693406940114324855e-02
