#Matriz 
-1.784324470568301180e-01 0.000000000000000000e+00 0.000000000000000000e+00 0.000000000000000000e+00 0.000000000000000000e+00 0.000000000000000000e+00 0.000000000000000000e+00 0.000000000000000000e+00 -1.646767818212335754e-01 0.000000000000000000e+00
0.000000000000000000e+00 -1.686459734587706927e-01 1.733550280192512227e+00 -1.466290576583508531e-01 1.074081558704488737e+00 0.000000000000000000e+00 0.000000000000000000e+00 0.000000000000000000e+00 -1.255812853010527252e-01 6.540190987516028009e-01
0.000000000000000000e+00 -4.728767072810092197e-03 -1.496307461064742828e-01 -6.163804940138142840e-02 -1.866016513396790144e-01 9.520462030510810081e-01 0.000000000000000000e+00 1.526696029193003623e+00 -8.137809438937421147e-02 0.000000000000000000e+00
0.000000000000000000e+00 1.009599952454734773e+00 1.161862515975292887e+00 -4.230889641309858867e-02 1.332335987588409765e+00 0.000000000000000000e+00 0.000000000000000000e+00 0.000000000000000000e+00 -5.510511671179901122e-02 1.891590647966487460e+00
0.000000000000000000e+00 -6.319418887978503485e-02 6.907192769021670564e-01 -5.342041462024931658e-02 -1.261697481950028732e-01 0.000000000000000000e+00 0.000000000000000000e+00 0.000000000000000000e+00 -2.394384235614954726e-02 3.527737998322146851e-01
0.000000000000000000e+00 0.000000000000000000e+00 -1.971325225621550492e-01 0.000000000000000000e+00 0.000000000000000000e+00 -4.474686803046057371e-02 7.385934843660491023e-01 0.000000000000000000e+00 -5.005335718478787221e-02 0.000000000000000000e+00
0.000000000000000000e+00 0.000000000000000000e+00 0.000000000000000000e+00 0.000000000000000000e+00 0.000000000000000000e+00 -1.777308763529237001e-01 -1.716007831723022070e-01 0.000000000000000000e+00 -1.634431755104312212e-01 -1.244310445593494185e-01
0.000000000000000000e+00 0.000000000000000000e+00 -2.176264182681524398e-02 0.000000000000000000e+00 0.000000000000000000e+00 0.000000000000000000e+00 0.000000000000000000e+00 -1.660377147901077877e-01 -5.029706690988382939e-02 -1.992273258392214808e-01
1.024870628282064100e+00 6.706019194833543473e-01 8.691768724528043943e-01 1.557022693548341552e+00 1.995067189232277771e+00 7.687177656036305873e-01 9.564508114103507097e-01 1.282297721708092197e-02 -1.154211049929105420e-01 4.201768242594472458e-01
0.000000000000000000e+00 -3.550313692050446196e-02 0.000000000000000000e+00 -1.747191632385652615e-01 -1.118506716829456571e-01 0.000000000000000000e+00 1.962189457692187222e-01 2.640840777695008246e-01 -2.149661270157579226e-02 -8.597196946959238806e-02
