#Matriz 
-1.356666212711925626e-02 -4.504403486953310193e-02 0.000000000000000000e+00 0.000000000000000000e+00 -5.609768789136837519e-02 -7.478593188469129585e-03 1.721748900559713302e+00 -4.602185535388336919e-03 0.000000000000000000e+00 0.000000000000000000e+00
4.917479851435746507e-01 -1.919547783465347102e-01 1.541708960920350036e+00 0.000000000000000000e+00 -3.492398365533277982e-03 -5.269493611781803782e-02 1.536502871939729564e+00 -1.128548469493009937e-01 6.489112297891235226e-01 0.000000000000000000e+00
0.000000000000000000e+00 -4.773161871658471167e-02 -8.208760736097819866e-02 0.000000000000000000e+00 0.000000000000000000e+00 -1.851013876288168103e-01 0.000000000000000000e+00 -3.685227530839276650e-02 -6.383822120588904248e-02 0.000000000000000000e+00
0.000000000000000000e+00 0.000000000000000000e+00 0.000000000000000000e+00 -1.412521734119209504e-01 1.982115282513081889e+00 3.650836311520015975e-01 0.000000000000000000e+00 4.640908919403365918e-01 0.000000000000000000e+00 5.342806496588490273e-01
1.581246433186006328e+00 1.430239002427429407e+00 0.000000000000000000e+00 -1.627219606365904736e-01 -1.378142846953634981e-01 0.000000000000000000e+00 0.000000000000000000e+00 0.000000000000000000e+00 5.343834798290809651e-01 -1.533583811689280818e-01
1.803786646565370910e+00 1.106861892625424115e+00 6.806696775521254850e-01 -1.831576705195583632e-01 0.000000000000000000e+00 -6.492100312585835642e-02 3.129127430998017712e-01 0.000000000000000000e+00 1.278608865736625688e+00 -1.155069566101394191e-01
-1.863082866840465035e-01 -1.452777942878477890e-01 0.000000000000000000e+00 0.000000000000000000e+00 0.000000000000000000e+00 -9.762679167223536902e-02 -3.232061385029381256e-02 0.000000000000000000e+00 0.000000000000000000e+00 0.000000000000000000e+00
1.328523517042106583e+00 4.124623521158563566e-01 1.864068305582694540e+00 -1.731252631741469483e-01 0.000000000000000000e+00 0.000000000000000000e+00 0.000000000000000000e+00 -1.066335094050082505e-01 1.539804174858352859e+00 -1.205395638832780780e-01
0.000000000000000000e+00 -1.466519437071992782e-01 1.250031893698411167e-02 0.000000000000000000e+00 -1.718701781702567100e-01 -2.228333535035151997e-02 0.000000000000000000e+00 -1.900852541493708581e-01 -1.827828972449635492e-01 0.000000000000000000e+00
0.000000000000000000e+00 0.000000000000000000e+00 0.000000000000000000e+00 -1.781422653303298409e-01 1.896137487642385988e+00 1.778329635162016142e+00 0.000000000000000000e+00 1.651552580747523757e+00 0.000000000000000000e+00 -1.254692507990023409e-01
