#Matriz 
-1.445074598549541400e-01 1.018566475871556243e-01 6.090310078125327209e-01 -1.325881931197799291e-01 9.952270011195178956e-01 -1.171726468706981578e-01 0.000000000000000000e+00 0.000000000000000000e+00 0.000000000000000000e+00 1.996643028652013818e+00
-1.848395981083721662e-01 -1.622335219273670914e-01 1.696030468542080838e+00 -1.189342769188759252e-01 0.000000000000000000e+00 0.000000000000000000e+00 -1.081353300953257213e-01 -1.261176735073108734e-01 -1.586074092648364145e-02 0.000000000000000000e+00
-1.192311651229318176e-01 -1.314782698747240797e-01 -5.663444217438071832e-02 0.000000000000000000e+00 0.000000000000000000e+00 0.000000000000000000e+00 0.000000000000000000e+00 0.000000000000000000e+00 0.000000000000000000e+00 -1.191673484943926858e-01
1.685432747538620823e+00 1.941564815941974720e+00 0.000000000000000000e+00 -2.998278699151402105e-02 4.554019171345298211e-01 -1.192745984522569913e-01 1.943001355294477150e+00 4.130337673870188020e-02 0.000000000000000000e+00 1.371996719433015377e+00
-2.890546371633680167e-02 0.000000000000000000e+00 0.000000000000000000e+00 -1.943718844970424020e-01 -1.801423477755024344e-02 0.000000000000000000e+00 -1.773928579581682818e-01 -1.402115269509449785e-02 -1.099744545776588645e-01 0.000000000000000000e+00
1.131576328352033034e+00 0.000000000000000000e+00 0.000000000000000000e+00 1.754704511042308734e-01 0.000000000000000000e+00 -1.468900370970845914e-01 9.198312703955899838e-01 0.000000000000000000e+00 1.043055409472876116e+00 0.000000000000000000e+00
0.000000000000000000e+00 4.981286486567233496e-01 0.000000000000000000e+00 -5.062066049778704557e-02 7.066789279227574383e-01 -5.369600824592704602e-02 -1.498952395875075838e-01 0.000000000000000000e+00 0.000000000000000000e+00 4.470526883458201262e-01
0.000000000000000000e+00 1.444028718116227239e+00 0.000000000000000000e+00 -1.266580708723822613e-01 1.953170619019479304e+00 0.000000000000000000e+00 0.000000000000000000e+00 -9.397304211916802236e-03 0.000000000000000000e+00 1.797929215499822098e+00
0.000000000000000000e+00 1.979406977400732570e+00 0.000000000000000000e+00 0.000000000000000000e+00 1.456735008077079563e+00 -7.660477173652427418e-02 0.000000000000000000e+00 0.000000000000000000e+00 -1.869936912152005970e-01 1.482605228640911710e+00
-7.438267659851816038e-02 0.000000000000000000e+00 1.470653627004811392e+00 -1.039676599243544719e-01 0.000000000000000000e+00 0.000000000000000000e+00 -1.079939079255780171e-01 -2.265219592215586206e-02 -1.596971025559273394e-01 -1.175331149230814526e-01
