#Matriz 
-1.110200080028760361e-01 -1.872162548667386239e-01 0.000000000000000000e+00 0.000000000000000000e+00 1.773182423532128960e+00 0.000000000000000000e+00 0.000000000000000000e+00 -5.303946165240634031e-02 2.800113932116501392e-01 0.000000000000000000e+00
9.867503957721583951e-01 -1.570583165271776938e-01 1.144116102798790058e+00 0.000000000000000000e+00 8.698031832995856139e-01 0.000000000000000000e+00 4.854179344188336298e-01 6.765839427923938665e-01 1.513183909136822214e+00 0.000000000000000000e+00
0.000000000000000000e+00 -2.734650620383132294e-02 -5.169709341440269917e-02 1.958977193284960894e+00 -5.593618579747952624e-02 0.000000000000000000e+00 -3.417843508172248995e-02 -6.890037481840265154e-02 0.000000000000000000e+00 1.043204853856050107e-01
0.000000000000000000e+00 0.000000000000000000e+00 -5.237776784685468923e-02 -1.523277309238136035e-01 0.000000000000000000e+00 0.000000000000000000e+00 0.000000000000000000e+00 -5.786635843144405378e-02 0.000000000000000000e+00 0.000000000000000000e+00
-5.029217261092340518e-02 -5.915953150469886040e-02 1.297163179754769580e+00 0.000000000000000000e+00 -8.219578365023630373e-02 0.000000000000000000e+00 -1.573801908722068932e-01 -3.832659322927381429e-02 7.142794474469966737e-01 0.000000000000000000e+00
0.000000000000000000e+00 0.000000000000000000e+00 0.000000000000000000e+00 0.000000000000000000e+00 0.000000000000000000e+00 -7.100221495723482712e-02 0.000000000000000000e+00 -1.454407576986741779e-01 -1.711326104538968274e-01 0.000000000000000000e+00
0.000000000000000000e+00 -1.809332987960294570e-01 5.836403383277906087e-01 0.000000000000000000e+00 6.912455075805270521e-01 0.000000000000000000e+00 -1.926948248887352388e-01 0.000000000000000000e+00 0.000000000000000000e+00 0.000000000000000000e+00
1.251919496338166127e+00 -9.105098662691385458e-02 1.010680173226965683e+00 6.352989211902082545e-02 4.380176870993424121e-01 1.080274520200836141e+00 0.000000000000000000e+00 -9.352338585715092717e-03 2.442096805348104027e-01 1.089986627057858648e+00
-1.153176037096829837e-01 -1.564502479025159376e-01 0.000000000000000000e+00 0.000000000000000000e+00 -4.915828116137770792e-02 9.626962196385506765e-01 0.000000000000000000e+00 -1.200619412152052479e-01 -1.876334269653199271e-01 0.000000000000000000e+00
0.000000000000000000e+00 0.000000000000000000e+00 -4.095942177912850757e-02 0.000000000000000000e+00 0.000000000000000000e+00 0.000000000000000000e+00 0.000000000000000000e+00 -1.615303109783301772e-01 0.000000000000000000e+00 -1.528486882944976033e-01
