#Matriz 
-1.230928037877343506e-02 0.000000000000000000e+00 0.000000000000000000e+00 -2.484756107058230454e-02 0.000000000000000000e+00 0.000000000000000000e+00 -2.278400350617180298e-02 0.000000000000000000e+00 0.000000000000000000e+00 -5.351737237433615985e-02
0.000000000000000000e+00 -6.086854662313019582e-02 0.000000000000000000e+00 -1.004837539375873362e-01 0.000000000000000000e+00 -3.561921669313981159e-02 -1.859453670512883072e-01 -1.387037126097623307e-01 0.000000000000000000e+00 0.000000000000000000e+00
0.000000000000000000e+00 0.000000000000000000e+00 -1.578765481022098571e-01 1.337258596939622457e+00 0.000000000000000000e+00 0.000000000000000000e+00 0.000000000000000000e+00 0.000000000000000000e+00 7.538904310819538601e-02 3.655723399018646624e-01
8.504185645238637736e-01 1.270637612044804854e-01 -1.776574447592715877e-02 -6.503971720276824353e-02 1.450004800112069114e+00 1.768698916166647539e+00 -8.517716883562508057e-02 8.886524831365667509e-01 0.000000000000000000e+00 0.000000000000000000e+00
0.000000000000000000e+00 0.000000000000000000e+00 0.000000000000000000e+00 -1.874629616013810951e-01 -1.873843290024813923e-01 -8.798064232274104002e-02 -9.151690668161738262e-02 -1.552220591288395179e-01 0.000000000000000000e+00 0.000000000000000000e+00
0.000000000000000000e+00 8.517867391038265179e-01 0.000000000000000000e+00 -1.146641548296692403e-01 1.321567698143057301e+00 -9.775950010258015188e-02 -5.176273447557116353e-02 1.508310501734517972e+00 0.000000000000000000e+00 -6.116268670321767242e-02
1.498744072392186100e+00 1.648773206540763869e+00 0.000000000000000000e+00 5.043542366165978397e-01 9.689299573437990531e-01 1.976485942806267326e+00 -1.391397576019505755e-01 6.570997225999113400e-01 0.000000000000000000e+00 5.968949037336461760e-01
0.000000000000000000e+00 5.199919486269177771e-01 0.000000000000000000e+00 -1.995058250152617063e-01 1.500623324011748361e+00 -9.144459275879256166e-02 -1.867324197741210556e-01 -1.206116445911609436e-01 0.000000000000000000e+00 -1.759792764332953618e-01
0.000000000000000000e+00 0.000000000000000000e+00 -1.610479503890919484e-01 0.000000000000000000e+00 0.000000000000000000e+00 0.000000000000000000e+00 0.000000000000000000e+00 0.000000000000000000e+00 -2.832595521158658494e-02 0.000000000000000000e+00
7.067501514119056694e-03 0.000000000000000000e+00 -1.131629289045120168e-01 0.000000000000000000e+00 0.000000000000000000e+00 5.381852831722215846e-01 -1.020192476433676165e-01 7.008149687203650835e-01 0.000000000000000000e+00 -1.651936079668901713e-01
