#Matriz 
-1.195960801569706800e-01 1.760697253269189355e+00 0.000000000000000000e+00 0.000000000000000000e+00 6.741303141838310697e-01 0.000000000000000000e+00 0.000000000000000000e+00 1.303361105636303696e+00 0.000000000000000000e+00 0.000000000000000000e+00
-1.536180259992996414e-02 -1.825760853206688517e-01 1.007882727475342577e+00 -9.702141238503009246e-02 -1.189303988212390140e-01 -1.102775941170128920e-02 -1.468889013735431293e-01 0.000000000000000000e+00 4.108185024945683050e-01 3.136666588485481633e-02
0.000000000000000000e+00 -2.129638621659100256e-02 -1.832815395847843254e-01 -1.548841437290854606e-01 -7.107892480190429463e-02 -6.710679547947920320e-02 0.000000000000000000e+00 0.000000000000000000e+00 -1.438023337539094393e-01 -7.353527789103440904e-02
0.000000000000000000e+00 1.965907849766084459e+00 4.996457942620011750e-01 -1.086974977328292180e-01 1.437157715805677638e+00 0.000000000000000000e+00 0.000000000000000000e+00 0.000000000000000000e+00 4.369249331894087263e-01 5.411783896122188686e-01
-1.353070350518627563e-01 1.382524256021429698e+00 1.761110817242142579e+00 -6.691337212128881107e-02 -3.270169660515720444e-02 0.000000000000000000e+00 -6.237916316099201969e-03 -1.540581525603559321e-01 7.878729712756413761e-01 1.213091124990817171e+00
0.000000000000000000e+00 5.340604433089477521e-01 1.027541526478385370e+00 0.000000000000000000e+00 0.000000000000000000e+00 -1.243848356550331657e-01 0.000000000000000000e+00 0.000000000000000000e+00 1.273911873518731586e+00 2.579258439878808762e-01
0.000000000000000000e+00 3.825737738155117196e-01 0.000000000000000000e+00 0.000000000000000000e+00 1.023781264699576088e+00 0.000000000000000000e+00 -7.461810644892548361e-02 6.334772629420959422e-01 0.000000000000000000e+00 0.000000000000000000e+00
-9.413832007125044754e-02 0.000000000000000000e+00 0.000000000000000000e+00 0.000000000000000000e+00 4.290535392727188313e-01 0.000000000000000000e+00 -1.619580112202646804e-01 -6.076975353680418718e-02 0.000000000000000000e+00 0.000000000000000000e+00
0.000000000000000000e+00 -6.908595505833121930e-02 7.690818126490397422e-01 -1.297151525029292818e-01 -1.734887682968583589e-01 -3.419061496123099349e-03 0.000000000000000000e+00 0.000000000000000000e+00 -1.983100365613812630e-02 0.000000000000000000e+00
0.000000000000000000e+00 -7.080887637623388409e-02 1.454025869508128066e+00 -1.071906966325639893e-02 -1.379218877530752341e-01 -5.532348447059998175e-02 0.000000000000000000e+00 0.000000000000000000e+00 0.000000000000000000e+00 -1.493295197712205258e-01
