#Matriz 
-1.928170344027912986e-02 0.000000000000000000e+00 0.000000000000000000e+00 1.622381186888227411e+00 2.425130779514836910e-01 0.000000000000000000e+00 -1.838285234686780692e-02 0.000000000000000000e+00 1.119132730607133475e+00 1.648703975684244982e+00
0.000000000000000000e+00 -2.899236687362663142e-02 0.000000000000000000e+00 0.000000000000000000e+00 1.510180752570644769e+00 -6.982090905148659321e-02 0.000000000000000000e+00 -3.483082055679420641e-02 -1.427235257288920478e-01 0.000000000000000000e+00
0.000000000000000000e+00 0.000000000000000000e+00 -6.956495527561738779e-02 9.848539718154236677e-01 0.000000000000000000e+00 -1.364550200740547170e-01 0.000000000000000000e+00 -1.280729756170166933e-01 -1.680006248498036037e-01 0.000000000000000000e+00
-1.691057259934105605e-01 0.000000000000000000e+00 -1.384381587533644875e-01 -1.150514124212325198e-02 0.000000000000000000e+00 0.000000000000000000e+00 0.000000000000000000e+00 -5.788783892383628921e-02 -3.980676625440567051e-02 -1.392482183272782670e-01
-1.419396480818036765e-01 -1.962322915325313277e-01 0.000000000000000000e+00 0.000000000000000000e+00 -1.346139815328497302e-01 0.000000000000000000e+00 0.000000000000000000e+00 0.000000000000000000e+00 0.000000000000000000e+00 -1.340046574285120584e-01
0.000000000000000000e+00 8.698678842145290968e-01 9.055981494397249421e-01 0.000000000000000000e+00 0.000000000000000000e+00 -1.994004055718556490e-01 -9.998725284765004606e-02 -3.641393690414340863e-03 0.000000000000000000e+00 0.000000000000000000e+00
1.019883646197687455e+00 0.000000000000000000e+00 0.000000000000000000e+00 0.000000000000000000e+00 0.000000000000000000e+00 1.962892165018170321e+00 -9.734498282756749721e-02 1.564719350906251139e+00 0.000000000000000000e+00 0.000000000000000000e+00
0.000000000000000000e+00 1.941821252127312603e+00 1.421237665669433436e+00 3.184792193663767979e-01 0.000000000000000000e+00 1.254225048364658646e+00 -1.414688637159426665e-01 -1.707141400487004537e-02 1.584135259734269274e+00 1.571147469412302433e+00
-7.283342484587895793e-02 2.202469209115935911e-01 3.418361363745008319e-01 1.665655856150189518e+00 0.000000000000000000e+00 0.000000000000000000e+00 0.000000000000000000e+00 -1.523331159270063240e-01 -8.253692711885773914e-02 1.115541351141774440e+00
-1.989245540832816350e-01 0.000000000000000000e+00 0.000000000000000000e+00 1.842117234592604014e-01 9.095465892809091457e-01 0.000000000000000000e+00 0.000000000000000000e+00 -1.543491573731527733e-01 -9.135495233607045240e-02 -1.908528312397293480e-01
