#Matriz 
-1.127509808136261393e-01 1.039924515743622546e+00 0.000000000000000000e+00 2.044240235818695073e-01 1.357904830687096442e+00 -1.485346275289001761e-01 1.071916076784294569e+00 0.000000000000000000e+00 0.000000000000000000e+00 0.000000000000000000e+00
-3.532422678374480540e-02 -2.885331443506689020e-02 -1.789298023181800090e-01 -1.750220624568417926e-01 0.000000000000000000e+00 0.000000000000000000e+00 1.791894833293742550e+00 -1.255964629466782279e-01 0.000000000000000000e+00 -8.619562187006833687e-02
0.000000000000000000e+00 5.706260269782648109e-01 -1.450858587212182707e-02 0.000000000000000000e+00 8.506871153853832190e-01 0.000000000000000000e+00 6.881504358302650282e-01 0.000000000000000000e+00 0.000000000000000000e+00 0.000000000000000000e+00
-1.190670400392174894e-01 1.724597252939085612e+00 0.000000000000000000e+00 -1.086685194989795156e-01 4.325829522610957767e-03 0.000000000000000000e+00 1.534983314971960278e+00 -8.340389798313110892e-02 0.000000000000000000e+00 -1.238482787310192096e-01
-1.905119868091760260e-01 0.000000000000000000e+00 -8.686521015294966508e-02 -1.787626741435919403e-02 -1.793075539343740310e-01 0.000000000000000000e+00 8.887619772659778317e-01 0.000000000000000000e+00 0.000000000000000000e+00 -7.517389862846690987e-03
1.962680386859671389e+00 0.000000000000000000e+00 0.000000000000000000e+00 0.000000000000000000e+00 0.000000000000000000e+00 -1.758673560368870792e-01 0.000000000000000000e+00 0.000000000000000000e+00 7.523586978121925561e-01 1.251282025606504700e+00
-2.788793417843482818e-03 -4.240932808683115646e-02 -2.722785381404855404e-02 -7.833990265740871373e-02 -2.681372645010726696e-02 0.000000000000000000e+00 -1.398757589303137316e-01 0.000000000000000000e+00 0.000000000000000000e+00 -1.734167675443586409e-01
0.000000000000000000e+00 1.055046028859664142e+00 0.000000000000000000e+00 4.703606095427617095e-01 0.000000000000000000e+00 0.000000000000000000e+00 0.000000000000000000e+00 -1.147209627439001456e-01 0.000000000000000000e+00 -4.697532918622240872e-02
0.000000000000000000e+00 0.000000000000000000e+00 0.000000000000000000e+00 0.000000000000000000e+00 0.000000000000000000e+00 -1.772880559398459961e-03 0.000000000000000000e+00 0.000000000000000000e+00 -1.853508977208907227e-01 0.000000000000000000e+00
0.000000000000000000e+00 1.035996323966352772e-01 0.000000000000000000e+00 1.454022352663621787e+00 7.918141904335687098e-01 -1.521205033820589685e-02 1.353903895190023077e+00 1.538880242875804161e+00 0.000000000000000000e+00 -1.902709562654454345e-01
