#Matriz 
-1.821981919968206354e-01 7.247352214235076584e-01 3.569810229244634314e-01 -1.608985249221231081e-02 1.777055418948790377e+00 1.252514184637714800e+00 -1.275124980052669554e-01 0.000000000000000000e+00 -1.102412586576412556e-01 0.000000000000000000e+00
-2.863026894478444551e-02 -1.875773501594069637e-01 0.000000000000000000e+00 -1.743128935825745962e-01 0.000000000000000000e+00 0.000000000000000000e+00 -6.663841802983887230e-02 0.000000000000000000e+00 -1.630737527291468147e-01 0.000000000000000000e+00
-1.435077415558559666e-01 0.000000000000000000e+00 -3.281368053092965920e-02 -1.735274232989624243e-01 0.000000000000000000e+00 0.000000000000000000e+00 -1.250906530093883751e-01 0.000000000000000000e+00 0.000000000000000000e+00 0.000000000000000000e+00
9.776432683464115758e-01 7.444138754690481363e-01 2.286719530809997458e-01 -1.131490668748332262e-01 6.184584677575444278e-01 1.157695374528144194e+00 5.610414389921518641e-01 -1.885687252346381348e-01 1.188178446676798838e+00 1.702689484192657643e+00
-1.347411282450607095e-01 0.000000000000000000e+00 0.000000000000000000e+00 -1.212840583520624627e-01 -1.853435841249344296e-01 0.000000000000000000e+00 -1.359219413757885297e-01 0.000000000000000000e+00 -1.752708692773392862e-01 0.000000000000000000e+00
-6.999246743564317697e-02 0.000000000000000000e+00 0.000000000000000000e+00 -1.247191767032691523e-01 0.000000000000000000e+00 -1.271408455177920442e-02 -2.291715456573584274e-04 0.000000000000000000e+00 0.000000000000000000e+00 0.000000000000000000e+00
9.394111390119648242e-01 1.687909849493585135e-02 1.782998247538746028e+00 -1.482556980625759080e-01 6.785067328125418129e-01 8.539273194355627705e-01 -1.335040454459569814e-01 -7.289284420713837420e-02 -4.641590152857549140e-02 1.454528430319930177e-01
0.000000000000000000e+00 0.000000000000000000e+00 0.000000000000000000e+00 3.752877826809795092e-01 0.000000000000000000e+00 0.000000000000000000e+00 9.546478145625723055e-01 -1.110628078809288016e-01 5.452053085755590445e-01 0.000000000000000000e+00
8.817046576352305376e-01 1.624794113931257611e+00 0.000000000000000000e+00 -1.426233916103500088e-01 7.020459712361861726e-01 0.000000000000000000e+00 4.156206395493535766e-01 -1.655534874647095478e-01 -5.821549409418338983e-02 1.936661940665302950e+00
0.000000000000000000e+00 0.000000000000000000e+00 0.000000000000000000e+00 -1.141667810455261334e-01 0.000000000000000000e+00 0.000000000000000000e+00 -4.509732649699862983e-02 0.000000000000000000e+00 -8.418301814069265032e-02 -1.342711470954942587e-01
