#Matriz 
-1.117923888159214479e-01 0.000000000000000000e+00 3.471480770203552169e-01 3.453419770605661299e-01 0.000000000000000000e+00 -5.411679832184395494e-02 1.421446766310325183e+00 0.000000000000000000e+00 -7.417245606789145407e-02 2.664817056986217292e-01
0.000000000000000000e+00 -5.366787533214496808e-02 0.000000000000000000e+00 0.000000000000000000e+00 0.000000000000000000e+00 -1.434985518090863832e-01 0.000000000000000000e+00 0.000000000000000000e+00 0.000000000000000000e+00 0.000000000000000000e+00
-1.092814797021648410e-01 0.000000000000000000e+00 -6.245851220609706378e-02 0.000000000000000000e+00 0.000000000000000000e+00 -1.913313357100762113e-01 0.000000000000000000e+00 0.000000000000000000e+00 -1.870665203167724555e-01 0.000000000000000000e+00
-2.110947852047968809e-02 0.000000000000000000e+00 0.000000000000000000e+00 -9.361748857982316041e-02 0.000000000000000000e+00 -1.924854460319673499e-01 3.170419230286876111e-01 1.601460654396842820e+00 -9.263491324818756700e-02 -4.688954590920016430e-02
0.000000000000000000e+00 0.000000000000000000e+00 0.000000000000000000e+00 0.000000000000000000e+00 -7.069818284406759190e-02 0.000000000000000000e+00 3.340613091917727928e-01 1.567688531205950531e+00 0.000000000000000000e+00 0.000000000000000000e+00
4.373746233221063040e-01 6.225185229381746677e-01 1.313154533611912589e+00 4.013774192421593057e-01 0.000000000000000000e+00 -7.449672697808600030e-02 8.982242823467818660e-01 2.281673225231366509e-01 0.000000000000000000e+00 1.410890084402840472e+00
-8.827181793426119860e-03 0.000000000000000000e+00 0.000000000000000000e+00 -1.591893791543445014e-01 -1.604269887753734247e-01 -2.627077642155757620e-02 -1.808084370512418326e-01 0.000000000000000000e+00 -1.961133928869862597e-01 0.000000000000000000e+00
0.000000000000000000e+00 0.000000000000000000e+00 0.000000000000000000e+00 -5.759801228735091094e-02 -1.960286787014907661e-01 -6.792949056988255296e-02 0.000000000000000000e+00 -5.864967098675417934e-02 -1.352576148459323224e-01 0.000000000000000000e+00
5.069108301156153296e-01 0.000000000000000000e+00 2.594224737080972343e-01 6.065488103850826818e-01 0.000000000000000000e+00 0.000000000000000000e+00 9.381462434973106834e-01 6.543206419680327457e-01 -1.231208120234986575e-01 3.532444464024673270e-01
-1.812367134242671707e-01 0.000000000000000000e+00 0.000000000000000000e+00 9.071031069389123846e-01 0.000000000000000000e+00 -1.200776496276252658e-01 0.000000000000000000e+00 0.000000000000000000e+00 -1.394160200236368718e-01 -2.125442066564484783e-02
