#Matriz 
-8.679488873432850138e-02 -1.884187588072051556e-01 -3.960234755703911230e-02 -1.496006908337021435e-01 0.000000000000000000e+00 0.000000000000000000e+00 -1.083254989749795651e-02 0.000000000000000000e+00 -7.580368356931486973e-02 -1.590947697764802105e-01
4.817217781078309002e-01 -3.615279777270665601e-02 0.000000000000000000e+00 1.961971120006173352e+00 5.440951478416682363e-01 0.000000000000000000e+00 0.000000000000000000e+00 0.000000000000000000e+00 -1.614302280777752951e-01 0.000000000000000000e+00
1.787887752770420446e+00 0.000000000000000000e+00 -1.794836116365171597e-01 1.436179423173860048e+00 8.978418716867864191e-02 0.000000000000000000e+00 0.000000000000000000e+00 0.000000000000000000e+00 0.000000000000000000e+00 0.000000000000000000e+00
2.871968910104103490e-01 -1.497312511201023544e-01 -3.951025748879062605e-02 -1.001186499898838560e-02 5.654248084459145840e-01 -9.042275128066323830e-03 -1.285892499753583385e-01 0.000000000000000000e+00 -1.303565349047511590e-01 -3.398277559457883040e-02
0.000000000000000000e+00 -1.363873890002553491e-01 -1.485912088915184448e-01 -1.290010434873357370e-01 -1.038262563306348030e-01 -5.019524148373830791e-02 -9.233485142004907442e-02 0.000000000000000000e+00 -7.396358497239972907e-02 -5.774086621075158465e-02
0.000000000000000000e+00 0.000000000000000000e+00 0.000000000000000000e+00 8.131028843430598840e-01 1.920770850184116751e+00 -1.331670418327526341e-02 0.000000000000000000e+00 -1.084218195642201038e-01 -6.497374461399396672e-02 1.454781568367789379e+00
1.581641664274825665e+00 0.000000000000000000e+00 0.000000000000000000e+00 1.719071509006761422e+00 1.480009501779806946e+00 0.000000000000000000e+00 -1.940486786186916557e-01 0.000000000000000000e+00 -1.037000462775511667e-01 0.000000000000000000e+00
0.000000000000000000e+00 0.000000000000000000e+00 0.000000000000000000e+00 0.000000000000000000e+00 0.000000000000000000e+00 3.721923187795774801e-01 0.000000000000000000e+00 -6.497007625703501987e-02 0.000000000000000000e+00 0.000000000000000000e+00
1.731535823499189553e+00 5.093974005091508328e-01 0.000000000000000000e+00 4.731894557684723779e-02 1.838320849860863859e-02 1.795740414820017783e+00 1.994264982982487888e+00 0.000000000000000000e+00 -2.230013054767481309e-02 1.281090774396054011e+00
1.100969396957651059e+00 0.000000000000000000e+00 0.000000000000000000e+00 1.221115588997227386e+00 8.963752117730341418e-01 -5.280354910801983437e-02 0.000000000000000000e+00 0.000000000000000000e+00 -8.206790028850551033e-02 -1.520596808681466405e-01
