#Matriz 
-1.078355764540265271e-01 1.923895438558592241e+00 -1.216665312231354490e-01 1.617337086099871479e+00 0.000000000000000000e+00 -1.820707836147499314e-01 1.541213909151386785e+00 6.084065624261141281e-01 0.000000000000000000e+00 1.762824725049116914e-02
-1.235687472451660468e-01 -1.586026961587818848e-02 -1.207313366393442666e-01 0.000000000000000000e+00 0.000000000000000000e+00 -8.407028802416383062e-02 0.000000000000000000e+00 0.000000000000000000e+00 0.000000000000000000e+00 -1.422420849644828178e-01
1.862726932230996280e+00 1.185496406876243469e+00 -8.089394356857473878e-02 0.000000000000000000e+00 0.000000000000000000e+00 0.000000000000000000e+00 1.547527391315407286e+00 1.880960784211496151e+00 2.527872014260541533e-01 3.000025038037241742e-01
-1.123576033316051048e-01 0.000000000000000000e+00 0.000000000000000000e+00 -1.566676175740704460e-02 0.000000000000000000e+00 -1.911084079493439308e-02 0.000000000000000000e+00 0.000000000000000000e+00 -1.066322564665530132e-01 -1.752558735911802223e-01
0.000000000000000000e+00 0.000000000000000000e+00 0.000000000000000000e+00 0.000000000000000000e+00 -1.006310994078067761e-01 0.000000000000000000e+00 6.048960422452771546e-01 1.959236181090799889e+00 0.000000000000000000e+00 0.000000000000000000e+00
1.678913353895571170e+00 6.368130751682727908e-01 0.000000000000000000e+00 4.319701365074666288e-01 0.000000000000000000e+00 -5.418702249686324635e-03 1.129164941309289683e+00 3.438459120209247377e-01 0.000000000000000000e+00 1.586588921608006686e+00
-1.144226421071996014e-01 0.000000000000000000e+00 -2.425089257869117443e-02 0.000000000000000000e+00 -1.246879832643759678e-01 -1.621822769656054986e-01 -1.955056061083737806e-01 -1.846634424755458082e-01 0.000000000000000000e+00 -1.973906795984212703e-01
-2.698021606279685930e-02 0.000000000000000000e+00 -1.483456813603956093e-01 0.000000000000000000e+00 -9.457276279000859445e-03 -8.064586321561176274e-02 1.075976361840308204e+00 -1.162135544457347860e-02 0.000000000000000000e+00 1.542260328088985721e+00
0.000000000000000000e+00 0.000000000000000000e+00 -1.586808238244972191e-01 1.225153491374751047e+00 0.000000000000000000e+00 0.000000000000000000e+00 0.000000000000000000e+00 0.000000000000000000e+00 -6.105182076004238984e-02 0.000000000000000000e+00
-2.851422717292997552e-02 1.754516398329872162e+00 -1.257389518434544155e-02 1.159576573751316841e+00 0.000000000000000000e+00 -8.241187601681923547e-02 1.142069599632085319e+00 -1.225884946346185861e-01 0.000000000000000000e+00 -4.286444689456123808e-02
