#Matriz 
-4.997149331803516642e-02 -1.915497528002785554e-01 0.000000000000000000e+00 -1.665321871789537944e-02 0.000000000000000000e+00 -9.612682995115469364e-02 0.000000000000000000e+00 -7.084267258975666948e-02 0.000000000000000000e+00 0.000000000000000000e+00
7.237503611026174788e-02 -4.905981177679022420e-02 8.658575951892737432e-01 0.000000000000000000e+00 -6.406132904890925184e-02 0.000000000000000000e+00 0.000000000000000000e+00 4.932477494558384912e-01 0.000000000000000000e+00 0.000000000000000000e+00
0.000000000000000000e+00 -1.969452091116299583e-02 -1.731931336375001906e-01 -7.294334791560677655e-02 0.000000000000000000e+00 -1.585295893925419142e-01 0.000000000000000000e+00 -1.779469198772657967e-01 0.000000000000000000e+00 0.000000000000000000e+00
1.578332025192784593e+00 0.000000000000000000e+00 1.957816659687769079e+00 -1.539401848573953846e-01 -1.462708375079452838e-01 0.000000000000000000e+00 1.080791942409051964e+00 0.000000000000000000e+00 5.036562769014074625e-02 5.416549990850603180e-01
0.000000000000000000e+00 2.941690323048111733e-01 0.000000000000000000e+00 1.485127611173129747e+00 -2.715866440436902687e-02 1.445812781160133342e+00 0.000000000000000000e+00 0.000000000000000000e+00 0.000000000000000000e+00 0.000000000000000000e+00
3.716265429221632388e-01 0.000000000000000000e+00 1.606311149092022772e+00 0.000000000000000000e+00 -1.244392146526140386e-01 -1.664695221966497607e-01 1.620395813110732108e+00 8.736341604790762716e-01 1.272389087608076785e-01 1.169465969877810263e+00
0.000000000000000000e+00 0.000000000000000000e+00 0.000000000000000000e+00 -1.682817316392009044e-01 0.000000000000000000e+00 -8.443058359016770986e-02 -3.541989738340880350e-02 -4.833325772016858896e-02 0.000000000000000000e+00 -4.726199781013573631e-02
1.700557741500582365e+00 -1.029577774309783644e-01 4.973389671547590041e-02 0.000000000000000000e+00 0.000000000000000000e+00 -6.120107305585425345e-02 1.558673420649792751e+00 -2.339469560758431627e-02 3.745907522981644089e-01 1.904455559126797759e+00
0.000000000000000000e+00 0.000000000000000000e+00 0.000000000000000000e+00 -1.074801813543599105e-01 0.000000000000000000e+00 -1.445904660383939278e-01 0.000000000000000000e+00 -4.625585740723552747e-02 -8.055223760487589812e-02 -9.569510394774460860e-02
0.000000000000000000e+00 0.000000000000000000e+00 0.000000000000000000e+00 -1.541377146398502651e-01 0.000000000000000000e+00 -5.729689361628580863e-02 8.845407281435440083e-01 -3.349683498744115973e-02 1.373519606333474474e+00 -6.559603773065651733e-02
