#Matriz 
-9.736342215188512061e-02 2.261715688781027467e-01 -1.213778644124482303e-01 0.000000000000000000e+00 -1.139619969205717398e-01 -1.282037232941769522e-01 -7.658467086917349065e-02 0.000000000000000000e+00 -7.817149888647625944e-02 0.000000000000000000e+00
-9.502176704785861294e-02 -6.099847223908874683e-02 -1.058367909928723538e-01 0.000000000000000000e+00 -2.792791252907456112e-02 -1.575534365444351825e-01 -1.251619209312513081e-01 0.000000000000000000e+00 -1.201262742647087045e-01 -1.098649952033200761e-01
1.266480704418566638e-01 7.017795846742642674e-01 -1.112756850080392490e-01 0.000000000000000000e+00 0.000000000000000000e+00 -1.051460822731787315e-01 -8.950686454645295775e-02 0.000000000000000000e+00 -1.496113944578850441e-01 1.164979443838934481e+00
0.000000000000000000e+00 0.000000000000000000e+00 0.000000000000000000e+00 -1.502822624690310360e-01 0.000000000000000000e+00 0.000000000000000000e+00 0.000000000000000000e+00 -6.407600074949051927e-02 -1.955296544530998881e-01 0.000000000000000000e+00
1.150562640126824299e-01 1.016781514979357759e+00 0.000000000000000000e+00 0.000000000000000000e+00 -1.454270256887935098e-02 -1.399202188098371546e-01 -5.891530757463834395e-02 0.000000000000000000e+00 -1.663315429916903398e-01 0.000000000000000000e+00
3.179089032699971007e-01 1.135240334806581153e+00 1.947254610164228517e-01 0.000000000000000000e+00 1.366783195254354322e+00 -4.509873463000657612e-02 -9.837700051546741098e-02 0.000000000000000000e+00 3.625885099714614146e-01 1.003473091442618648e+00
9.134292327139330592e-01 1.762780164334516009e+00 8.371047245294771511e-01 0.000000000000000000e+00 1.978351795345429043e+00 1.966871651919578579e+00 -1.270730636238828481e-01 0.000000000000000000e+00 1.796351175975541281e-04 1.806932631113772114e+00
0.000000000000000000e+00 0.000000000000000000e+00 0.000000000000000000e+00 1.639166666012430218e+00 0.000000000000000000e+00 0.000000000000000000e+00 0.000000000000000000e+00 -7.918720978908520836e-02 -7.661778491626924925e-02 0.000000000000000000e+00
1.448874662159750581e+00 1.028255583614633650e+00 1.218431619682939449e+00 1.775889776281862842e+00 6.225077154363973797e-01 -1.655735152218641426e-01 -1.170611385358024115e-01 1.511539259451493145e+00 -5.564484371488629538e-02 1.175801298432617159e-01
0.000000000000000000e+00 1.862009426012476876e+00 -7.897548573950577411e-02 0.000000000000000000e+00 0.000000000000000000e+00 -1.292922844442794816e-01 -6.275348732747161595e-02 0.000000000000000000e+00 -9.914650789675888420e-02 -9.953430826155779121e-02
