#Matriz 
-1.925510888026436829e-01 0.000000000000000000e+00 0.000000000000000000e+00 -4.908756711797915284e-02 -4.502743007885639387e-02 0.000000000000000000e+00 -1.410403331856230347e-01 -6.243490394397480103e-02 -1.219075381553947485e-01 -4.354592417722205622e-02
0.000000000000000000e+00 -1.625736200317162705e-01 0.000000000000000000e+00 0.000000000000000000e+00 0.000000000000000000e+00 1.792643566505943253e+00 1.037368026190440995e+00 1.814074994007141894e+00 0.000000000000000000e+00 0.000000000000000000e+00
0.000000000000000000e+00 0.000000000000000000e+00 -3.321700960543503417e-02 0.000000000000000000e+00 1.661971912410009189e+00 0.000000000000000000e+00 0.000000000000000000e+00 -7.268659795228263332e-02 0.000000000000000000e+00 6.899666177285652680e-01
1.560766832729034714e-01 0.000000000000000000e+00 0.000000000000000000e+00 -1.882818410404198395e-01 0.000000000000000000e+00 0.000000000000000000e+00 0.000000000000000000e+00 -4.769767321840119589e-02 3.846326838358671285e-01 0.000000000000000000e+00
4.652665892799083824e-01 0.000000000000000000e+00 -8.649808675742612363e-02 0.000000000000000000e+00 -1.256443970260519120e-02 0.000000000000000000e+00 0.000000000000000000e+00 -9.825726883440411008e-03 7.513913950037423017e-01 1.052568564036394205e+00
0.000000000000000000e+00 -9.924352220423236781e-02 0.000000000000000000e+00 0.000000000000000000e+00 0.000000000000000000e+00 -9.051752388815736960e-02 7.480970136855391583e-01 1.940704072248634615e+00 0.000000000000000000e+00 0.000000000000000000e+00
2.884963622223923885e-02 -7.664206910193870070e-02 0.000000000000000000e+00 0.000000000000000000e+00 0.000000000000000000e+00 -1.991623926917583665e-01 -6.540213063022107254e-02 0.000000000000000000e+00 0.000000000000000000e+00 0.000000000000000000e+00
6.685000424680358488e-01 -1.890542507796014737e-01 1.965026446365787605e+00 9.320910306892193908e-02 1.853056221580611229e+00 -1.578995129575307965e-01 0.000000000000000000e+00 -9.559925258267293335e-02 9.031449541169873640e-01 1.656199961109646734e+00
1.563318957091717420e+00 0.000000000000000000e+00 0.000000000000000000e+00 -6.771510106259073791e-02 -1.382437963218173527e-01 0.000000000000000000e+00 0.000000000000000000e+00 -9.855755864870224814e-02 -1.586740946115369477e-01 1.393889387738930674e+00
1.827515994748986961e+00 0.000000000000000000e+00 -9.562254144377464737e-02 0.000000000000000000e+00 -6.656305167761036867e-02 0.000000000000000000e+00 0.000000000000000000e+00 -1.001642919511802482e-01 -1.129501867618612210e-01 -5.691386980615027735e-02
