#Matriz 
-1.840519025138371567e-01 -1.404402163159818862e-01 0.000000000000000000e+00 -4.314605078973226399e-02 0.000000000000000000e+00 0.000000000000000000e+00 0.000000000000000000e+00 -1.424500324497304272e-02 0.000000000000000000e+00 1.703945548248531061e-02
6.815007288558523335e-01 -1.653676858029747843e-01 0.000000000000000000e+00 -4.903301051135127570e-02 0.000000000000000000e+00 0.000000000000000000e+00 -9.198343931108521549e-04 9.492970660751622880e-01 1.545689960065439461e+00 0.000000000000000000e+00
0.000000000000000000e+00 0.000000000000000000e+00 -4.188496462463071890e-02 -1.039999012080616847e-02 0.000000000000000000e+00 0.000000000000000000e+00 -6.480758557976473710e-02 0.000000000000000000e+00 0.000000000000000000e+00 4.342597104473171488e-01
1.353316971460455820e+00 1.271260345934823954e+00 1.045306249793971798e+00 -1.556385944756364520e-02 6.343337537992832509e-02 2.079400261524755322e-02 6.695604642288117692e-01 3.690138393053337129e-01 1.697899174162625036e+00 0.000000000000000000e+00
0.000000000000000000e+00 0.000000000000000000e+00 0.000000000000000000e+00 -1.256528257877429500e-01 -9.195010993565458368e-02 0.000000000000000000e+00 -1.309918047353106352e-01 0.000000000000000000e+00 0.000000000000000000e+00 0.000000000000000000e+00
0.000000000000000000e+00 0.000000000000000000e+00 0.000000000000000000e+00 -1.571594310528539110e-02 0.000000000000000000e+00 -8.845767315713343182e-02 -2.491130739168043867e-02 0.000000000000000000e+00 0.000000000000000000e+00 1.874829601111546173e+00
0.000000000000000000e+00 6.417944405595608082e-01 6.964202976931308520e-01 -6.249718055292965979e-02 1.650171394303346029e+00 6.596389952417109903e-01 -1.612596055274115314e-01 0.000000000000000000e+00 0.000000000000000000e+00 0.000000000000000000e+00
1.550288408161875298e+00 -7.771952252124905702e-02 0.000000000000000000e+00 -1.744646297627721332e-01 0.000000000000000000e+00 0.000000000000000000e+00 0.000000000000000000e+00 -1.781272853165554448e-01 1.392248822178059786e+00 1.537332433730623338e+00
0.000000000000000000e+00 -1.880194969773943126e-01 0.000000000000000000e+00 -1.984115521448714392e-01 0.000000000000000000e+00 0.000000000000000000e+00 0.000000000000000000e+00 -1.216912336459116117e-01 -7.713043899721855334e-02 9.188848983310302643e-01
-4.938685169392436486e-02 0.000000000000000000e+00 -9.583763288710329953e-02 0.000000000000000000e+00 0.000000000000000000e+00 -1.918157089653087233e-01 0.000000000000000000e+00 -7.055391506767959287e-02 -1.965802740585147756e-01 -6.952945862231292573e-02
