#Matriz 
-1.118402286003187945e-01 -8.575942659770828536e-02 0.000000000000000000e+00 1.072098476549769641e+00 3.517050100091534404e-01 7.995357561874427699e-01 1.301714595387589046e+00 -4.011068501192547459e-02 8.211658377294333011e-01 5.026990280852852155e-01
5.524488836032188654e-01 -1.348412282693564890e-01 0.000000000000000000e+00 0.000000000000000000e+00 0.000000000000000000e+00 1.416816156792879422e-01 9.638931228147407104e-02 0.000000000000000000e+00 0.000000000000000000e+00 0.000000000000000000e+00
0.000000000000000000e+00 0.000000000000000000e+00 -6.980006974066947645e-02 1.200753645294079686e+00 0.000000000000000000e+00 0.000000000000000000e+00 0.000000000000000000e+00 -4.215328546251684468e-03 0.000000000000000000e+00 0.000000000000000000e+00
-8.231452912909023589e-02 0.000000000000000000e+00 -3.544308005413274870e-02 -6.913448393251966917e-02 -1.011938489012237236e-01 -9.327206425678702395e-02 0.000000000000000000e+00 0.000000000000000000e+00 0.000000000000000000e+00 0.000000000000000000e+00
-1.791201480641673241e-02 0.000000000000000000e+00 0.000000000000000000e+00 8.053354419419629373e-01 -1.468793829049613864e-01 0.000000000000000000e+00 -1.861620393119570727e-01 -1.930160218841740771e-01 -5.791219581855016479e-02 1.449184014050999947e+00
-2.723379548835744984e-02 -1.287380775350750566e-02 0.000000000000000000e+00 1.701826817388263136e+00 0.000000000000000000e+00 -1.588175544481118528e-02 0.000000000000000000e+00 -4.191999989426922757e-02 0.000000000000000000e+00 1.608871800022917631e+00
-1.367905681303820398e-01 -1.396486503386905886e-01 0.000000000000000000e+00 0.000000000000000000e+00 1.046461105365674937e+00 0.000000000000000000e+00 -1.381461489472497577e-02 -1.466381695709339794e-01 6.146687653618354563e-01 1.984181769216340152e+00
1.916535267621453986e+00 0.000000000000000000e+00 2.190869982692533746e-01 0.000000000000000000e+00 1.047538322791687904e+00 1.181783669320304320e+00 5.736799311184483940e-01 -5.753910671338369545e-03 1.067327991230557771e-01 8.939687613704310198e-01
-1.759582193902789124e-02 0.000000000000000000e+00 0.000000000000000000e+00 0.000000000000000000e+00 3.869167698140860701e-01 0.000000000000000000e+00 -1.209883738388866162e-02 -9.472288253920263523e-02 -7.582075640145664874e-02 1.464298413347194794e+00
-1.954753588792208785e-01 0.000000000000000000e+00 0.000000000000000000e+00 0.000000000000000000e+00 -8.163015838076488617e-02 -2.063146514938054774e-02 -1.472585269497772298e-01 -2.214640816759672060e-02 -1.385767530029827499e-01 -7.161262063152276647e-02
