#Matriz 
-8.648449761684491588e-02 0.000000000000000000e+00 1.526827133971953465e+00 0.000000000000000000e+00 -9.888381421172590113e-02 0.000000000000000000e+00 -1.087723478134861588e-01 -1.264618558187866060e-01 6.690408655609152433e-01 0.000000000000000000e+00
0.000000000000000000e+00 -9.121863908755539763e-02 1.324129449314975115e+00 8.884044320019863772e-01 0.000000000000000000e+00 4.963787582253826880e-01 0.000000000000000000e+00 0.000000000000000000e+00 9.292575259712614333e-01 -1.139840653750299887e-01
-1.545891107758380068e-01 -1.131148422604376924e-01 -1.536035437332389231e-01 0.000000000000000000e+00 -1.185261395319689576e-01 0.000000000000000000e+00 -4.797759270055643871e-02 -1.999425521810395678e-01 0.000000000000000000e+00 0.000000000000000000e+00
0.000000000000000000e+00 -5.701680165941389739e-02 0.000000000000000000e+00 -1.771390268297360626e-01 0.000000000000000000e+00 0.000000000000000000e+00 -1.169505033344418465e-01 -5.928149402622318043e-03 0.000000000000000000e+00 0.000000000000000000e+00
3.097282938676149122e-02 0.000000000000000000e+00 4.340600278243216259e-01 0.000000000000000000e+00 -1.125752932787239813e-01 0.000000000000000000e+00 0.000000000000000000e+00 0.000000000000000000e+00 0.000000000000000000e+00 -1.417143784871250922e-01
0.000000000000000000e+00 -1.713227934879554271e-01 0.000000000000000000e+00 0.000000000000000000e+00 0.000000000000000000e+00 -1.688980801199404802e-01 -1.962296659806245513e-01 -3.878947465148994272e-02 0.000000000000000000e+00 0.000000000000000000e+00
8.860083461919900927e-01 0.000000000000000000e+00 1.249445421192001415e+00 2.537951890885732364e-01 0.000000000000000000e+00 1.329501900181509155e+00 -1.957163278055636391e-01 0.000000000000000000e+00 1.576146738814109050e+00 -1.631620030842637625e-01
1.595508665764995282e+00 0.000000000000000000e+00 1.092555154577880216e+00 9.461375391015809377e-01 0.000000000000000000e+00 1.636331650466495979e-01 0.000000000000000000e+00 -2.634956326862718592e-02 8.889465331224821742e-01 -1.302055678305178987e-01
-7.357281808440666038e-02 -1.315901470767858183e-01 0.000000000000000000e+00 0.000000000000000000e+00 0.000000000000000000e+00 0.000000000000000000e+00 -7.802506410665788206e-02 -1.126584119608424819e-02 -2.006720888693425131e-02 0.000000000000000000e+00
0.000000000000000000e+00 5.066414337591718109e-01 0.000000000000000000e+00 0.000000000000000000e+00 1.154290277383338781e+00 0.000000000000000000e+00 4.277848642124071343e-01 9.929118909999257170e-02 0.000000000000000000e+00 -1.703528981490734159e-02
