#Matriz 
-1.919040672209984533e-01 0.000000000000000000e+00 0.000000000000000000e+00 0.000000000000000000e+00 0.000000000000000000e+00 -5.474851198847361516e-02 -6.811381429165444534e-02 1.401989657798343059e+00 0.000000000000000000e+00 -1.996516351718835847e-01
0.000000000000000000e+00 -1.708102071074671102e-01 1.404280989474097074e+00 0.000000000000000000e+00 -1.316249682467132975e-01 -3.216297938138767964e-02 -1.039320603506237520e-02 6.863721640993094564e-01 0.000000000000000000e+00 -3.087019868047513604e-02
0.000000000000000000e+00 -1.081355835213137495e-01 -1.543683019146194491e-01 -1.989480336117651349e-01 0.000000000000000000e+00 0.000000000000000000e+00 0.000000000000000000e+00 -1.794188059986185080e-01 1.878789385277084500e+00 0.000000000000000000e+00
0.000000000000000000e+00 0.000000000000000000e+00 1.884846160325721831e+00 -4.720492691437266214e-02 -1.477988245802635062e-02 -1.167269307712173881e-01 -2.562800643529865655e-02 0.000000000000000000e+00 0.000000000000000000e+00 -1.517101977480066477e-01
0.000000000000000000e+00 9.439100922897585288e-01 0.000000000000000000e+00 8.204298138690568898e-02 -1.954580185653648217e-01 0.000000000000000000e+00 -7.846504984197276433e-02 1.478000726217572502e+00 0.000000000000000000e+00 -8.831112239186351964e-02
9.488718293927211889e-02 1.820163164247816212e+00 0.000000000000000000e+00 9.540490056603680991e-01 0.000000000000000000e+00 -1.710418465951004385e-01 -8.711570098250059901e-02 0.000000000000000000e+00 0.000000000000000000e+00 1.661441405168889496e+00
1.408584814409682640e+00 1.117783162130720820e+00 0.000000000000000000e+00 2.070254179035420083e-01 5.341498673483735526e-01 1.100330965536142402e+00 -1.661471297588068552e-02 6.100848152423161697e-01 0.000000000000000000e+00 5.442055389550650712e-01
-1.651913508314837298e-01 -1.349324464302335130e-02 7.561868182666531268e-01 0.000000000000000000e+00 -1.252980504823104635e-01 0.000000000000000000e+00 -7.212257493588994373e-02 -2.554600145319221513e-02 3.312533476791621467e-01 0.000000000000000000e+00
0.000000000000000000e+00 0.000000000000000000e+00 -5.770348881420342413e-02 0.000000000000000000e+00 0.000000000000000000e+00 0.000000000000000000e+00 0.000000000000000000e+00 -7.575140073715964928e-02 -1.959377378018676563e-01 0.000000000000000000e+00
1.214446162320820921e+00 3.707392133334252993e-01 0.000000000000000000e+00 7.147303118229526575e-01 3.833506061507310214e-01 -1.825342210691598480e-02 -1.394743789208281182e-01 0.000000000000000000e+00 0.000000000000000000e+00 -6.246059267320558384e-02
