#Matriz 
-1.005046302246703632e-01 8.435336559114567923e-01 0.000000000000000000e+00 1.384523736152121431e+00 0.000000000000000000e+00 0.000000000000000000e+00 0.000000000000000000e+00 1.396478985233056136e-01 0.000000000000000000e+00 0.000000000000000000e+00
-1.606552166237942836e-01 -5.128983997382750154e-02 0.000000000000000000e+00 0.000000000000000000e+00 1.188387157943717742e-01 -9.428729767060402278e-02 0.000000000000000000e+00 -8.708435358443000762e-02 0.000000000000000000e+00 0.000000000000000000e+00
0.000000000000000000e+00 0.000000000000000000e+00 -6.168615714400616477e-03 0.000000000000000000e+00 0.000000000000000000e+00 -2.537220796205517243e-02 0.000000000000000000e+00 -3.172191045800170500e-02 3.935648920563528108e-02 5.981098090155443359e-01
-3.846233687067637796e-02 0.000000000000000000e+00 0.000000000000000000e+00 -1.274307164677212501e-01 0.000000000000000000e+00 -1.838919098997137125e-01 1.551642137198791627e+00 -3.711788778388452198e-02 0.000000000000000000e+00 0.000000000000000000e+00
0.000000000000000000e+00 -1.720743335412283914e-01 0.000000000000000000e+00 0.000000000000000000e+00 -1.190452535452055788e-02 -5.354596690265192582e-02 0.000000000000000000e+00 -1.594627277178703728e-01 -2.419359864702564158e-03 0.000000000000000000e+00
0.000000000000000000e+00 8.891541315164919190e-01 1.541981991869104895e+00 1.072416920278931318e+00 1.500127945041675570e+00 -1.034546263100896701e-01 0.000000000000000000e+00 0.000000000000000000e+00 2.738252793459527989e-01 3.417621825699501681e-01
0.000000000000000000e+00 0.000000000000000000e+00 0.000000000000000000e+00 -4.693317767458338868e-03 0.000000000000000000e+00 0.000000000000000000e+00 -7.513147115938215159e-02 -1.155649114444455006e-01 0.000000000000000000e+00 -1.821203144695134890e-01
-1.942048095676191799e-01 7.239545350245388811e-01 6.437010315556701556e-02 1.454191271704147637e+00 3.196992915384333500e-03 0.000000000000000000e+00 1.315345462373929131e-02 -1.838148396425246522e-01 1.271093423945704570e+00 1.233015182524694220e+00
0.000000000000000000e+00 0.000000000000000000e+00 -7.008154165283231318e-02 0.000000000000000000e+00 6.957811731684599987e-01 -1.972462022446681007e-01 0.000000000000000000e+00 -9.787818229770790801e-02 -3.182882153321769242e-02 2.705765311777679205e-01
0.000000000000000000e+00 0.000000000000000000e+00 -3.687628473652533601e-02 0.000000000000000000e+00 0.000000000000000000e+00 -5.992414155528496406e-02 2.425913544365096985e-01 -7.525091182110787980e-02 -1.892577205980036925e-01 -6.526059436385767132e-02
