#Matriz 
-1.661660634327445651e-01 7.767742516416600296e-01 -8.162237003824919512e-02 -2.305369326876198846e-02 0.000000000000000000e+00 1.840928805728818229e+00 0.000000000000000000e+00 6.699518237539205945e-01 0.000000000000000000e+00 -1.301924460416373774e-01
-1.376633195053429404e-01 -1.022326426529794746e-01 -2.305735706444447461e-02 0.000000000000000000e+00 0.000000000000000000e+00 1.145572691219026051e+00 -1.812576262396927151e-01 0.000000000000000000e+00 -1.861224906950912361e-01 0.000000000000000000e+00
1.331558272967850787e+00 5.328223378641561148e-01 -1.496021204065934862e-01 0.000000000000000000e+00 0.000000000000000000e+00 1.259322524288537082e+00 0.000000000000000000e+00 1.715732126377931044e+00 1.538589890513546887e+00 -6.401749937182364680e-02
1.468242177732429044e+00 0.000000000000000000e+00 0.000000000000000000e+00 -1.731335636246211507e-01 0.000000000000000000e+00 0.000000000000000000e+00 0.000000000000000000e+00 0.000000000000000000e+00 1.077908255663337478e+00 -5.979346455020049383e-02
0.000000000000000000e+00 0.000000000000000000e+00 0.000000000000000000e+00 0.000000000000000000e+00 -1.515168195482346492e-01 7.873248093849771756e-02 0.000000000000000000e+00 0.000000000000000000e+00 0.000000000000000000e+00 -1.454625848698261614e-01
-1.076879638737603673e-01 -4.285486382752128759e-02 -1.456845931253388793e-01 0.000000000000000000e+00 -7.963102308344077729e-02 -1.771837212998886024e-01 -4.391884039870241896e-02 1.371389775016525148e+00 0.000000000000000000e+00 0.000000000000000000e+00
0.000000000000000000e+00 1.800350504391553086e+00 0.000000000000000000e+00 0.000000000000000000e+00 0.000000000000000000e+00 1.904609706769674782e+00 -5.277637356837721477e-02 5.208852187492141184e-01 0.000000000000000000e+00 -9.105104965651947269e-02
-1.046726538621320785e-01 0.000000000000000000e+00 -1.880534328086073959e-01 0.000000000000000000e+00 0.000000000000000000e+00 -1.202292899864140230e-01 -7.025734467231846414e-02 -1.745799390315848632e-01 0.000000000000000000e+00 0.000000000000000000e+00
0.000000000000000000e+00 1.303366734203865063e+00 -1.179898687845427063e-01 -1.915318575415966285e-01 0.000000000000000000e+00 0.000000000000000000e+00 0.000000000000000000e+00 0.000000000000000000e+00 -1.557191639343251943e-01 -6.226210145542865337e-02
5.192021081580400210e-01 0.000000000000000000e+00 7.301731634274122307e-01 1.799950048329228780e+00 1.044906030990683909e+00 0.000000000000000000e+00 2.522594661858388321e-01 0.000000000000000000e+00 5.432404202653318137e-02 -7.310396555264538077e-02
