#Matriz 
-8.825042255867401875e-02 0.000000000000000000e+00 0.000000000000000000e+00 -1.850238383741839576e-01 1.486231515869992359e+00 -3.412932031087132639e-02 1.966092283798501983e+00 -8.690861264944478581e-02 -7.545388743451644786e-02 0.000000000000000000e+00
0.000000000000000000e+00 -1.007652486739871595e-01 0.000000000000000000e+00 -1.970478546453202362e-01 7.433909110440013457e-01 -7.774307267612928785e-02 1.305163514860996354e+00 -3.083819241408221334e-02 -1.212539582901020208e-01 0.000000000000000000e+00
0.000000000000000000e+00 0.000000000000000000e+00 -1.644642213611900022e-02 0.000000000000000000e+00 0.000000000000000000e+00 -1.890093665362340206e-02 0.000000000000000000e+00 1.764133499532780203e+00 -1.194364626586168557e-02 1.247286350915196573e+00
1.462098354551374380e+00 5.544868818284471867e-01 0.000000000000000000e+00 -6.979137402598836748e-02 0.000000000000000000e+00 -1.833559707040862408e-01 0.000000000000000000e+00 0.000000000000000000e+00 -9.016634767723910593e-02 0.000000000000000000e+00
-1.440359319798142357e-01 -1.008492795742545189e-01 0.000000000000000000e+00 0.000000000000000000e+00 -3.328230797278106806e-02 -9.530581630365192458e-02 0.000000000000000000e+00 -4.890922789940604226e-02 -1.368744939136382344e-01 0.000000000000000000e+00
5.047010622624328313e-01 1.487684939248876681e+00 4.019373100736267634e-01 1.614766817492323536e+00 1.102578959643873757e+00 -1.613170662472222516e-01 0.000000000000000000e+00 3.554125048564893419e-01 7.421388818383307662e-01 7.919169049467749133e-01
-2.124121845668436315e-02 -1.950855210219430425e-01 0.000000000000000000e+00 0.000000000000000000e+00 0.000000000000000000e+00 0.000000000000000000e+00 -1.274720075275775910e-01 0.000000000000000000e+00 0.000000000000000000e+00 -1.649737964968981396e-01
9.971040220475768656e-02 1.664670086347128652e+00 -1.066101165207628682e-01 0.000000000000000000e+00 1.521000048307912689e+00 -5.660708388960120768e-02 0.000000000000000000e+00 -3.672759312125113695e-02 -1.319513083149476962e-01 0.000000000000000000e+00
1.788963580746974369e+00 1.686447010449683814e+00 8.841545534362174052e-01 1.942438570509506413e+00 1.721380337804743199e-01 -1.550600901056664593e-01 0.000000000000000000e+00 1.006559972576294593e+00 -7.056118371318598204e-02 1.291541877108192571e+00
0.000000000000000000e+00 0.000000000000000000e+00 -1.390051800347272548e-01 0.000000000000000000e+00 0.000000000000000000e+00 -2.138100254065904496e-02 9.128295874343725913e-01 0.000000000000000000e+00 -1.968616763054923391e-01 -1.311161692687708435e-01
