#Matriz 
-1.074147399648188311e-01 1.367274825919842396e+00 1.073107778371079402e+00 0.000000000000000000e+00 -4.047026061497880495e-02 -1.638486764412671048e-01 -1.577105825739762435e-01 0.000000000000000000e+00 -7.603824874331575889e-02 1.320132361557406764e+00
-1.272257692397895101e-01 -1.888843932246399571e-01 0.000000000000000000e+00 0.000000000000000000e+00 -2.283390003957175285e-02 0.000000000000000000e+00 -1.581722644442471737e-01 -1.071296791346014812e-02 0.000000000000000000e+00 -1.390217797021446877e-01
-8.373010720092864678e-02 0.000000000000000000e+00 -1.551545927747582931e-01 0.000000000000000000e+00 -1.514214094265074473e-01 0.000000000000000000e+00 -3.544267031962001005e-03 -6.653816145844751451e-02 0.000000000000000000e+00 -6.583788222931818979e-03
0.000000000000000000e+00 0.000000000000000000e+00 0.000000000000000000e+00 -1.494815869272159703e-01 0.000000000000000000e+00 4.378830567669291796e-01 0.000000000000000000e+00 0.000000000000000000e+00 0.000000000000000000e+00 0.000000000000000000e+00
9.555502913306050949e-01 5.283112378216650029e-01 3.808075043343264188e-01 0.000000000000000000e+00 -8.186742866736529400e-02 0.000000000000000000e+00 0.000000000000000000e+00 7.186246112198571012e-01 0.000000000000000000e+00 5.605509905057148856e-01
1.039489197926024566e-01 0.000000000000000000e+00 0.000000000000000000e+00 -5.767884634496638768e-02 0.000000000000000000e+00 -1.856061435824661876e-01 0.000000000000000000e+00 1.025526993305908796e+00 0.000000000000000000e+00 0.000000000000000000e+00
1.316751879156362603e+00 2.068393057135136104e-01 1.966965529742190633e-01 0.000000000000000000e+00 0.000000000000000000e+00 0.000000000000000000e+00 -1.702402552210670883e-01 1.051403850351703584e+00 -2.397090135087405482e-02 1.282674724200005389e+00
0.000000000000000000e+00 9.184200489474834139e-01 9.439770755477971953e-02 0.000000000000000000e+00 -5.291182645363874670e-02 -1.475177973246436514e-01 -1.868455713546092190e-01 -5.402096076146419013e-02 -2.500981798328379135e-02 3.705468119159232021e-01
9.573371353467103884e-01 0.000000000000000000e+00 0.000000000000000000e+00 0.000000000000000000e+00 0.000000000000000000e+00 0.000000000000000000e+00 2.531892156091601898e-01 1.161915768742901589e+00 -1.747842109329339200e-01 0.000000000000000000e+00
-6.919193217020214864e-03 1.856242460087424773e+00 1.333841769361352458e+00 0.000000000000000000e+00 -3.587206875217781310e-02 0.000000000000000000e+00 -6.298331233489400105e-02 -8.417379613257119919e-02 0.000000000000000000e+00 -1.913287802306655738e-01
