#Matriz 
-1.269534610124978258e-02 7.677872720466827339e-02 1.068496409014217496e+00 4.602669218506973969e-01 1.655645181327866311e+00 0.000000000000000000e+00 0.000000000000000000e+00 0.000000000000000000e+00 3.584010759717224381e-01 0.000000000000000000e+00
-1.265069261713955562e-01 -1.106051391620189589e-01 -1.211109217760460571e-01 0.000000000000000000e+00 0.000000000000000000e+00 -1.671063720304257760e-01 0.000000000000000000e+00 0.000000000000000000e+00 1.831705969332420691e+00 -1.704691659720130037e-01
-6.137270388184785930e-02 1.041768170641725666e+00 -1.513966383871278576e-01 0.000000000000000000e+00 4.002167370154374737e-02 -3.590593619528553021e-02 0.000000000000000000e+00 0.000000000000000000e+00 1.631711601250378507e+00 -1.142495789977009471e-02
-1.210060475381757872e-02 0.000000000000000000e+00 0.000000000000000000e+00 -5.107581009416706924e-03 0.000000000000000000e+00 -1.682221118289975101e-02 -1.553535606241021085e-02 -1.726798482743810981e-01 0.000000000000000000e+00 0.000000000000000000e+00
-1.562003290589129012e-01 0.000000000000000000e+00 -1.787742312368455488e-01 0.000000000000000000e+00 -8.191598138339591106e-02 -5.122113350534052145e-02 0.000000000000000000e+00 0.000000000000000000e+00 5.071802997635557197e-01 -6.711899017307425275e-02
0.000000000000000000e+00 6.040692456098923913e-01 5.308479393774270250e-01 1.735602148071234696e+00 9.088627966305007355e-02 -1.735763865512005288e-01 0.000000000000000000e+00 -5.086769128597437573e-02 6.460392273822113118e-02 0.000000000000000000e+00
0.000000000000000000e+00 0.000000000000000000e+00 0.000000000000000000e+00 1.836728606809645559e+00 0.000000000000000000e+00 0.000000000000000000e+00 -1.378346312277628494e-01 0.000000000000000000e+00 0.000000000000000000e+00 0.000000000000000000e+00
0.000000000000000000e+00 0.000000000000000000e+00 0.000000000000000000e+00 1.028024250877630941e+00 0.000000000000000000e+00 4.750600828990523272e-01 0.000000000000000000e+00 -6.420305332037483381e-02 0.000000000000000000e+00 1.852306453725360846e-01
-9.879215716558475968e-03 -6.848139318880977489e-02 -1.044656836207867867e-01 0.000000000000000000e+00 -1.005046668983444608e-01 -1.290870353068780951e-01 0.000000000000000000e+00 0.000000000000000000e+00 -1.062291810175914480e-01 -8.844471742576645590e-02
0.000000000000000000e+00 1.863746018166492213e-01 3.464554809568838323e-01 0.000000000000000000e+00 3.750110666484072208e-01 0.000000000000000000e+00 0.000000000000000000e+00 -1.266500012739371628e-01 3.705290601560626840e-01 -8.934860836067087808e-02
