#Matriz 
-1.499156341620534183e-01 0.000000000000000000e+00 0.000000000000000000e+00 -3.947469878105350216e-02 -1.719634945530892078e-01 0.000000000000000000e+00 0.000000000000000000e+00 0.000000000000000000e+00 -3.384330713699723603e-02 1.124935413953259244e+00
0.000000000000000000e+00 -7.087375294741975196e-02 0.000000000000000000e+00 -4.297825691510271154e-04 -1.020356971706337934e-01 0.000000000000000000e+00 0.000000000000000000e+00 0.000000000000000000e+00 -1.154321662114931590e-01 0.000000000000000000e+00
0.000000000000000000e+00 0.000000000000000000e+00 -8.216817429494094544e-04 1.682530999212404454e+00 1.460406632138380623e+00 -9.875649262137856099e-02 0.000000000000000000e+00 1.153412801099368279e+00 9.384095182375247202e-01 0.000000000000000000e+00
5.455553439119937842e-01 1.975012481750919591e+00 -6.041419018320411116e-02 -1.497515191277049296e-01 0.000000000000000000e+00 -9.859090550320215654e-03 -1.822840734277552110e-01 -1.474377381597678088e-02 0.000000000000000000e+00 1.010017375080750179e+00
1.054581557651299573e+00 1.364767090288390383e+00 -1.132473012790432138e-01 0.000000000000000000e+00 -1.358565850545969400e-01 -1.927982950197491274e-01 0.000000000000000000e+00 -1.366359561470241735e-01 -1.346404435135431787e-01 1.851635819696509255e+00
0.000000000000000000e+00 0.000000000000000000e+00 1.844418619701897466e-01 2.834319257486137555e-01 1.436780258015841971e+00 -8.143182069628002173e-02 1.349946504585409102e+00 1.049364500990049853e+00 1.763493432907954794e+00 0.000000000000000000e+00
0.000000000000000000e+00 0.000000000000000000e+00 0.000000000000000000e+00 7.506861651358915921e-01 0.000000000000000000e+00 -1.942409543288757534e-01 -1.284431295570424847e-01 0.000000000000000000e+00 0.000000000000000000e+00 0.000000000000000000e+00
0.000000000000000000e+00 0.000000000000000000e+00 -1.003542753559271000e-01 4.134298751552556439e-02 1.059916768795578612e+00 -1.943018499591371573e-01 0.000000000000000000e+00 -5.476417227661172643e-02 0.000000000000000000e+00 0.000000000000000000e+00
2.912073906228236364e-01 1.224668572085669815e-01 -1.946231744002538955e-01 0.000000000000000000e+00 1.918314850817708139e+00 -1.692940959873495965e-01 0.000000000000000000e+00 0.000000000000000000e+00 -1.469208766539149003e-01 0.000000000000000000e+00
-1.590381476243084291e-01 0.000000000000000000e+00 0.000000000000000000e+00 -1.010815005801892763e-01 -1.856643342678612474e-01 0.000000000000000000e+00 0.000000000000000000e+00 0.000000000000000000e+00 0.000000000000000000e+00 -1.978285879304999759e-02
