#Matriz 
-1.235476703461691611e-01 -1.058302696722668856e-01 0.000000000000000000e+00 0.000000000000000000e+00 0.000000000000000000e+00 -7.836294248728344070e-02 1.523943157712239316e+00 1.404034561203708842e+00 1.168550300560549760e+00 1.163514652890323964e+00
1.062818950667447915e-01 -1.905383293512102894e-01 8.738917399808316944e-01 2.557820171658664599e-02 1.337940099523388104e+00 1.010969863294341131e+00 0.000000000000000000e+00 0.000000000000000000e+00 4.256508718851692574e-01 0.000000000000000000e+00
0.000000000000000000e+00 -2.544514922857514863e-02 -1.495055119552168854e-02 0.000000000000000000e+00 0.000000000000000000e+00 -1.162843831194681904e-01 1.049806610261944106e+00 0.000000000000000000e+00 0.000000000000000000e+00 5.925407955648729352e-01
0.000000000000000000e+00 -1.681240748374021043e-01 0.000000000000000000e+00 -1.833060009492872011e-01 0.000000000000000000e+00 0.000000000000000000e+00 1.854379863308277532e+00 1.089539389245471224e+00 0.000000000000000000e+00 1.399813547831302074e+00
0.000000000000000000e+00 -1.768894855242230668e-01 0.000000000000000000e+00 0.000000000000000000e+00 -1.988259446491248139e-01 0.000000000000000000e+00 1.230733604947837678e+00 4.668888906591743826e-01 1.204531078955090040e+00 1.889061732811008643e+00
1.909673334200010730e+00 -5.068447978166464030e-02 4.806260334374252707e-01 0.000000000000000000e+00 0.000000000000000000e+00 -1.714245692380967079e-01 0.000000000000000000e+00 0.000000000000000000e+00 5.605746743277841837e-01 0.000000000000000000e+00
-1.058362575618111284e-01 0.000000000000000000e+00 -9.840655239340459493e-02 -4.020815696445312337e-02 -1.377762123504309433e-01 0.000000000000000000e+00 -2.715510337187476697e-02 0.000000000000000000e+00 0.000000000000000000e+00 0.000000000000000000e+00
-1.797410178672160519e-01 0.000000000000000000e+00 0.000000000000000000e+00 -8.729910541079040354e-02 -8.954712628801225760e-02 0.000000000000000000e+00 0.000000000000000000e+00 -4.699982014703973920e-02 -1.324582691008909241e-01 0.000000000000000000e+00
-2.378953093987934420e-02 -1.608685834503880974e-01 0.000000000000000000e+00 0.000000000000000000e+00 -1.294780832901471224e-01 -1.002063331551030813e-02 0.000000000000000000e+00 1.850482810374597831e+00 -4.141729795088860272e-02 0.000000000000000000e+00
-5.990840433330690828e-02 0.000000000000000000e+00 -7.729070397284743509e-03 -1.661421065697582522e-01 -7.785269484051622613e-02 0.000000000000000000e+00 0.000000000000000000e+00 0.000000000000000000e+00 0.000000000000000000e+00 -1.944909286694849471e-01
