#Matriz 
-5.638979150841505472e-02 -4.622787936403836145e-02 1.572274215235753836e+00 -5.236770394262924011e-02 0.000000000000000000e+00 -1.015489561575277921e-02 0.000000000000000000e+00 0.000000000000000000e+00 0.000000000000000000e+00 -1.386495599570428394e-01
7.976433317573383697e-01 -1.553590844192927027e-02 0.000000000000000000e+00 -1.731344742576159390e-01 0.000000000000000000e+00 0.000000000000000000e+00 0.000000000000000000e+00 0.000000000000000000e+00 0.000000000000000000e+00 -1.877185053295922501e-02
-3.219187421561580525e-02 0.000000000000000000e+00 -1.708680417203427837e-01 0.000000000000000000e+00 0.000000000000000000e+00 -1.782234445138490830e-01 0.000000000000000000e+00 0.000000000000000000e+00 0.000000000000000000e+00 -2.209226582779220266e-02
1.522733148077375587e+00 1.586108148698398557e+00 0.000000000000000000e+00 -4.309040913834314562e-02 -1.262144185722982870e-01 0.000000000000000000e+00 -4.322277264551743596e-03 0.000000000000000000e+00 -1.893939724223338006e-01 0.000000000000000000e+00
0.000000000000000000e+00 0.000000000000000000e+00 0.000000000000000000e+00 6.555929602634384956e-01 -3.079378594204829067e-02 4.403225028431319021e-01 -1.128211622265999081e-01 3.840433005575583092e-01 -5.579117594422920018e-02 1.904084601181209591e+00
1.059959332263746390e+00 0.000000000000000000e+00 4.268648740051008694e-01 0.000000000000000000e+00 -9.084282075152370906e-02 -1.539663468304633687e-01 -1.189519398986822567e-02 0.000000000000000000e+00 0.000000000000000000e+00 -1.836512794869063214e-01
0.000000000000000000e+00 0.000000000000000000e+00 0.000000000000000000e+00 1.016583452607166649e+00 1.087064176597568155e+00 1.535647194793703818e+00 -1.439508372040269879e-01 2.573141306020818586e-01 0.000000000000000000e+00 1.829508455127266675e+00
0.000000000000000000e+00 0.000000000000000000e+00 0.000000000000000000e+00 0.000000000000000000e+00 -8.761322630819584623e-02 0.000000000000000000e+00 -6.769414753399660700e-02 -1.294117466115093928e-01 -7.440795356477454547e-02 0.000000000000000000e+00
0.000000000000000000e+00 0.000000000000000000e+00 0.000000000000000000e+00 1.741769915046692319e+00 9.793410866091998290e-01 0.000000000000000000e+00 0.000000000000000000e+00 9.364254912325897795e-01 -2.738777257396394355e-02 6.409477346373193551e-01
1.312572515440279197e+00 4.234899016232478441e-01 1.510162330978608747e+00 0.000000000000000000e+00 -1.953636573723596323e-02 5.313725463413125905e-01 -6.607638125625532599e-02 0.000000000000000000e+00 -1.614550607863455278e-01 -1.038557152750274465e-01
