#Matriz 
-3.015830099838263945e-02 -1.790387344562169580e-01 5.620022601069896151e-01 0.000000000000000000e+00 0.000000000000000000e+00 1.345722127055238859e+00 8.656092423786643231e-02 0.000000000000000000e+00 -1.501392035627419075e-01 -2.278995737591642604e-02
1.816675874046744132e+00 -1.661608074736589391e-01 1.983278561767130910e+00 1.926836256424393268e+00 5.213850812034095394e-01 1.030287698922933703e+00 1.937599880808232422e+00 0.000000000000000000e+00 0.000000000000000000e+00 0.000000000000000000e+00
-1.756991074379213591e-01 -2.739189417136469670e-02 -1.229522959716497915e-01 0.000000000000000000e+00 -1.080665069858849220e-01 -9.370130280198873951e-02 -1.480913950669915657e-01 7.338585688766094961e-01 -1.552629185092210262e-01 0.000000000000000000e+00
0.000000000000000000e+00 -1.954460159466754610e-01 0.000000000000000000e+00 -7.974439299227675804e-02 0.000000000000000000e+00 0.000000000000000000e+00 0.000000000000000000e+00 0.000000000000000000e+00 -1.845186831638597758e-01 -1.175641788584278480e-01
0.000000000000000000e+00 -1.621611388681020449e-01 9.840087511579913571e-01 0.000000000000000000e+00 -1.749874661675494547e-01 3.411960307882933030e-02 0.000000000000000000e+00 0.000000000000000000e+00 -2.776662972876116353e-02 -7.201655759814150348e-02
-1.451597173317447156e-02 -9.545232336599721035e-02 1.529488388098815488e+00 0.000000000000000000e+00 -1.220800958988346868e-01 -1.211478999046297356e-01 -8.075414777408616851e-02 0.000000000000000000e+00 -1.674694328363897089e-01 0.000000000000000000e+00
-1.349267989224892383e-01 -1.576820878194530873e-01 1.023343314285657391e+00 0.000000000000000000e+00 0.000000000000000000e+00 1.963858763285929898e+00 -1.622682258771413200e-01 0.000000000000000000e+00 -1.824604046017254400e-01 0.000000000000000000e+00
0.000000000000000000e+00 0.000000000000000000e+00 -1.602102031285130845e-01 0.000000000000000000e+00 0.000000000000000000e+00 0.000000000000000000e+00 0.000000000000000000e+00 -1.071773479652131933e-01 0.000000000000000000e+00 0.000000000000000000e+00
6.011800008164007725e-01 0.000000000000000000e+00 4.038009709470946618e-02 3.816359147065164770e-01 1.654648266910694776e+00 5.135882806570180037e-03 1.825136984571800181e-01 0.000000000000000000e+00 -6.574127969660635562e-02 2.879538701892747632e-01
1.912476577559366397e+00 0.000000000000000000e+00 0.000000000000000000e+00 3.354661491163866138e-01 7.872555874764954886e-01 0.000000000000000000e+00 0.000000000000000000e+00 0.000000000000000000e+00 -1.530426674962777345e-01 -6.778772768884333555e-02
