#Matriz 
-6.349086811765232430e-02 0.000000000000000000e+00 0.000000000000000000e+00 0.000000000000000000e+00 0.000000000000000000e+00 0.000000000000000000e+00 0.000000000000000000e+00 -7.092483436311281496e-03 -5.766368964902857282e-03 0.000000000000000000e+00
0.000000000000000000e+00 -1.655540985788497010e-01 -1.700305386780571748e-01 -6.037082646307374845e-02 0.000000000000000000e+00 -9.896021819728158253e-02 -1.728677214780958427e-01 -6.906709670682587010e-02 -5.831901963828254459e-02 0.000000000000000000e+00
0.000000000000000000e+00 6.234671983685422525e-01 -9.116950157282366352e-02 0.000000000000000000e+00 1.683759732143316201e+00 1.532312461849034912e+00 1.698388771109746509e+00 0.000000000000000000e+00 -1.209907275843375846e-01 0.000000000000000000e+00
0.000000000000000000e+00 1.997184670034420684e+00 0.000000000000000000e+00 -1.802060935163086186e-01 1.288186502904845376e+00 0.000000000000000000e+00 1.435425394896220341e+00 0.000000000000000000e+00 -3.360603012654522076e-02 0.000000000000000000e+00
0.000000000000000000e+00 0.000000000000000000e+00 -1.963427712994837149e-01 -2.768203653851384477e-02 -1.522160560488400316e-01 -1.059464849183686108e-01 -8.870220541586291974e-02 -4.163288280624018178e-02 -1.838293394622176058e-01 0.000000000000000000e+00
0.000000000000000000e+00 4.601964264260551829e-01 -1.332368324806933457e-01 0.000000000000000000e+00 3.738085209839392409e-01 -1.210567162073075409e-01 1.204377849666954603e+00 0.000000000000000000e+00 -1.844966247149055216e-01 -7.749637099122248796e-02
0.000000000000000000e+00 6.855240244591316312e-01 -5.054248713451148234e-02 -1.256524340737751322e-01 1.064558259851949185e+00 -5.129633482079110074e-02 -4.952950858299061399e-02 0.000000000000000000e+00 -2.063803577732239644e-02 -1.527871599213968257e-01
1.358399613292147423e+00 1.301750727895247595e+00 0.000000000000000000e+00 0.000000000000000000e+00 8.342727471957529506e-01 0.000000000000000000e+00 0.000000000000000000e+00 -1.036107227672083825e-01 0.000000000000000000e+00 0.000000000000000000e+00
8.278258449877089475e-01 1.655157467815885575e+00 6.311438155968460695e-01 1.012089127594862026e+00 2.589992627787922608e-01 1.271807129701056249e+00 1.036425034540585211e+00 0.000000000000000000e+00 -1.429230454240492942e-01 3.195749807295953371e-01
0.000000000000000000e+00 0.000000000000000000e+00 0.000000000000000000e+00 0.000000000000000000e+00 0.000000000000000000e+00 1.331159344505111086e+00 1.136543066661809709e+00 0.000000000000000000e+00 -1.851592581103760071e-01 -1.926749351036819158e-01
