#Matriz 
-8.261433379813444035e-04 0.000000000000000000e+00 0.000000000000000000e+00 0.000000000000000000e+00 0.000000000000000000e+00 0.000000000000000000e+00 -2.985199603822759340e-02 0.000000000000000000e+00 0.000000000000000000e+00 -5.322521308548167074e-02
0.000000000000000000e+00 -2.081614434133312319e-02 0.000000000000000000e+00 -1.825611187340996922e-01 0.000000000000000000e+00 0.000000000000000000e+00 0.000000000000000000e+00 0.000000000000000000e+00 -1.544881768994645077e-01 -1.286880106660744372e-01
0.000000000000000000e+00 0.000000000000000000e+00 -5.977314247197447472e-02 0.000000000000000000e+00 0.000000000000000000e+00 0.000000000000000000e+00 -5.300420457849988609e-02 0.000000000000000000e+00 0.000000000000000000e+00 -1.957793961620842293e-01
0.000000000000000000e+00 7.709086889726235459e-01 0.000000000000000000e+00 -2.376537085748942069e-02 0.000000000000000000e+00 -8.037449228860116951e-03 -1.995014855994727554e-01 0.000000000000000000e+00 -1.151351043916853389e-01 -8.584068606716908911e-02
0.000000000000000000e+00 0.000000000000000000e+00 0.000000000000000000e+00 0.000000000000000000e+00 -1.251956799475677576e-02 -1.559628019325129955e-01 -2.205114680628446344e-02 0.000000000000000000e+00 -1.590497588276200414e-01 -1.985779191213668526e-01
0.000000000000000000e+00 0.000000000000000000e+00 0.000000000000000000e+00 5.755526810739757249e-01 6.409100042168807132e-01 -3.877433823579370942e-02 -1.660684367894598237e-02 9.207069172072819274e-01 0.000000000000000000e+00 -4.203852215912746992e-02
9.228861743065666090e-01 0.000000000000000000e+00 1.935341904591981965e+00 7.285512651617349622e-01 5.601045683329570757e-01 1.449437614516867256e+00 -1.544941114590642484e-01 1.554216360850962708e+00 6.927697009466016187e-01 0.000000000000000000e+00
0.000000000000000000e+00 0.000000000000000000e+00 0.000000000000000000e+00 0.000000000000000000e+00 0.000000000000000000e+00 -1.518212526818707719e-01 -1.639320366943881335e-01 -1.932127464416540097e-01 -6.503958663930309303e-02 -1.121521929603713219e-01
0.000000000000000000e+00 6.447599902308238651e-01 0.000000000000000000e+00 1.965799622869836671e+00 1.375909528061315168e+00 0.000000000000000000e+00 -1.695509254210429972e-01 1.864527953319673470e+00 -7.271124779234539037e-02 -5.516753396265849929e-02
4.461818899754654844e-02 4.024447686734111684e-02 1.080572023742443433e+00 1.427540609131885851e+00 7.065819861980089378e-01 1.308277950705711845e-01 0.000000000000000000e+00 2.281097507688107928e-01 1.257550632345471930e+00 -5.497930481419741749e-02
